2000
20000
0.5
0.02
0.1
250000
0.005
120
0
1 8 10000 1 8 18 0
5 2 3 4 5 6 20000 10667 7000 3200 1333 1 2 4 0
2 9 10 30000 24300 1 9 17 0
6 4 5 6 7 8 9 40000 25600 18667 9143 6000 1778 1 4 0 0
1 9 10000 3 11 4 1 1
2 4 5 20000 14400 3 6 18 1 1
6 5 6 7 8 9 10 30000 20000 15000 9375 5000 1500 9 13 28 1 0
1 4 40000 10 13 17 1 2
3 9 10 11 10000 7200 5727 12 20 19 1 4
4 7 8 9 10 20000 14000 9333 7000 5 11 0 1 3
1 10 30000 12 21 4 1 4
4 10 11 12 13 40000 32727 23333 15385 12 21 13 1 9
3 3 4 5 10000 6000 3600 12 14 0 1 9
1 8 20000 5 12 0 1 3
4 8 9 10 11 30000 21333 14400 8727 5 12 4 1 3
2 7 8 40000 31500 13 19 0 1 13
2 3 4 10000 6750 13 15 40 1 13
1 5 20000 9 13 23 1 0
1 1 30000 14 14 28 1 6
2 8 9 40000 32000 7 14 23 1 5
2 7 8 10000 7000 12 18 17 1 9
2 1 2 20000 8000 10 10 41 1 2
1 6 30000 15 20 0 1 12
1 2 40000 13 14 35 1 13
3 3 4 5 10000 6750 4200 9 11 18 1 0
4 7 8 9 10 20000 15750 10889 7000 15 21 28 1 18
4 3 4 5 6 30000 18000 10800 6000 21 23 6 1 22
1 2 40000 22 23 4 1 10
6 9 10 11 12 13 14 10000 7200 4909 3750 1385 643 12 20 18 1 24
2 4 5 20000 14400 24 27 4 2 15 27
3 10 11 12 30000 21818 15000 13 22 4 1 14
2 3 4 40000 27000 7 9 18 1 5
3 9 10 11 10000 8100 4909 20 28 0 1 15
5 10 11 12 13 14 20000 14545 10000 6154 4286 21 30 0 1 22
3 6 7 8 30000 23143 15750 22 27 13 1 11
6 4 5 6 7 8 9 40000 25600 18667 9143 6000 1778 14 17 17 1 7
2 8 9 10000 7111 16 23 40 1 16
1 1 20000 24 24 6 1 26
5 3 4 5 6 7 30000 18000 12600 6000 3857 12 14 33 1 24
1 10 40000 15 24 32 1 19
4 3 4 5 6 10000 6000 3600 2000 10 12 23 1 2
4 3 4 5 6 20000 13500 8400 5000 12 14 28 1 24
2 9 10 30000 21600 14 22 32 1 7
5 7 8 9 10 11 40000 28000 21778 14000 7636 29 35 0 1 32
1 2 10000 21 22 18 1 28
3 6 7 8 20000 13714 10500 25 30 6 1 37
3 8 9 10 30000 21333 14400 15 22 28 1 41
3 5 6 7 40000 26667 20000 15 19 26 1 12
3 9 10 11 10000 8100 5727 21 29 19 2 8 17
4 2 3 4 5 20000 10667 6000 3200 18 19 17 1 35
5 4 5 6 7 8 30000 19200 12000 6857 3000 23 26 28 2 5 46
4 10 11 12 13 40000 29091 23333 12308 31 40 9 1 33
6 9 10 11 12 13 14 10000 7200 5727 3750 2077 643 23 31 10 1 30
1 5 20000 15 19 33 1 38
3 3 4 5 30000 20250 10800 29 31 15 1 32
2 8 9 40000 32000 14 21 39 1 7
4 3 4 5 6 10000 6750 4200 2000 22 24 18 1 10
4 8 9 10 11 20000 16000 9600 5818 31 38 0 1 33
2 2 3 30000 16000 28 29 4 1 29
1 9 40000 23 31 4 1 30
4 3 4 5 6 10000 6000 3600 2500 32 34 10 1 52
2 6 7 20000 13714 10 15 18 1 31
3 8 9 10 30000 24000 14400 20 27 17 2 17 49
3 4 5 6 40000 28800 16000 15 18 42 1 12
3 2 3 4 10000 5333 3500 28 29 26 1 29
2 6 7 20000 15429 23 28 27 2 23 30
1 1 30000 28 28 10 2 19 29
3 6 7 8 40000 27429 18000 15 20 29 1 18
2 9 10 10000 8100 36 44 0 2 20 43
4 3 4 5 6 20000 12000 7200 5000 32 34 4 1 59
1 8 30000 15 22 23 1 19
2 4 5 40000 25600 45 48 0 1 68
4 2 3 4 5 10000 5333 3000 2000 23 24 23 3 40 47 70
1 4 20000 28 31 13 2 34 44
4 9 10 11 12 30000 21600 17182 9000 35 43 12 1 69
2 9 10 40000 32400 3 11 36 1 1
2 6 7 10000 7714 45 50 0 3 37 62 68
2 1 2 20000 8000 29 29 7 2 32 40
1 10 30000 35 44 4 2 66 69
1 9 40000 30 38 4 2 58 61
3 1 2 3 10000 4000 2000 28 28 22 1 34
3 1 2 3 20000 8000 4000 39 39 4 2 27 79
3 6 7 8 30000 23143 15750 39 44 0 2 35 57
5 5 6 7 8 9 40000 26667 17143 12500 4444 32 36 16 1 59
5 3 4 5 6 7 10000 6750 4200 2000 1286 28 30 15 1 34
2 1 2 20000 8000 22 22 28 2 10 67
1 6 30000 25 30 18 1 56
2 4 5 40000 25600 45 48 0 2 60 82
6 6 7 8 9 10 11 10000 7714 5250 2667 1200 545 51 56 0 1 76
4 9 10 11 12 20000 14400 9818 7500 31 39 6 2 45 77
2 9 10 30000 24300 41 49 9 1 51
1 4 40000 18 21 28 1 35
2 7 8 10000 7000 49 55 0 3 71 78 86
2 3 4 20000 13500 45 47 16 2 63 68
4 3 4 5 6 30000 18000 10800 6000 27 29 28 2 42 50
3 8 9 10 40000 32000 22400 49 56 2 2 80 87
6 9 10 11 12 13 14 10000 8100 4909 3000 1385 643 25 33 23 2 72 75
3 1 2 3 20000 9000 4667 49 49 0 1 87
1 1 30000 40 40 6 2 84 89
1 6 40000 40 45 4 1 81
1 2 10000 25 26 32 1 39
3 3 4 5 20000 13500 7200 44 46 12 3 64 65 74
1 2 30000 57 58 0 3 61 88 96
4 9 10 11 12 40000 32400 19636 15000 30 38 19 2 31 48
1 6 10000 41 46 6 2 54 98
2 5 6 20000 15000 50 54 9 2 8 90
5 3 4 5 6 7 30000 20250 12600 6000 3857 56 58 0 3 26 75 92
3 1 2 3 40000 16000 8000 46 46 4 2 38 99
5 6 7 8 9 10 10000 6857 4500 2667 1200 47 52 6 3 53 83 104
2 1 2 20000 8000 55 55 9 3 36 93 105
1 3 30000 39 41 19 2 94 103
2 6 7 40000 30857 45 50 0 2 73 82
2 2 3 10000 6000 59 60 0 3 95 101 102
3 3 4 5 20000 13500 7200 59 61 0 3 100 106 108
6 6 7 8 9 10 11 30000 23143 15750 8000 3600 1636 51 56 0 3 85 107 111
4 2 3 4 5 40000 24000 12000 6400 50 51 0 3 25 91 97
6 8 9 10 11 12 13 10000 8000 5600 2909 2000 615 57 64 0 3 53 104 114
6 4 5 6 7 8 9 20000 14400 8000 5714 3000 889 61 64 0 3 55 110 112
6 7 8 9 10 11 12 30000 21000 16333 8400 5727 1750 65 71 0 3 17 109 116
3 3 4 5 40000 27000 16800 52 54 0 3 21 77 115