2000
20000
0.5
0.02
0.1
250000
0.005
120
0
1 2 10000 1 2 19 0
1 8 20000 1 8 15 0
3 6 7 8 30000 23143 13500 1 6 8 0
3 4 5 6 40000 25600 18667 1 4 0 0
3 6 7 8 10000 6857 5250 9 14 15 1 1
6 7 8 9 10 11 12 20000 15750 10889 5600 3818 1167 5 11 0 1 3
6 5 6 7 8 9 10 30000 22500 15000 7500 5000 1500 3 7 59 1 0
4 9 10 11 12 40000 28800 22909 12000 5 13 53 1 3
1 2 10000 12 13 24 1 5
5 9 10 11 12 13 20000 16200 9818 6000 2769 3 11 19 1 0
4 10 11 12 13 30000 24545 15000 9231 5 14 7 1 3
6 10 11 12 13 14 15 40000 29091 20000 15385 5714 2667 7 16 8 1 2
3 5 6 7 10000 7500 4286 15 19 16 1 4
6 6 7 8 9 10 11 20000 15429 9000 5333 3600 1091 12 17 0 1 5
4 2 3 4 5 30000 16000 10500 6000 15 16 7 1 10
3 9 10 11 40000 28800 19636 7 15 22 1 2
3 5 6 7 10000 7500 5000 14 18 51 1 8
2 7 8 20000 15750 7 13 24 1 2
6 9 10 11 12 13 14 30000 24300 17182 11250 4154 1929 18 26 0 1 13
5 7 8 9 10 11 40000 31500 21778 14000 7636 17 23 27 1 11
1 7 10000 17 23 8 1 14
5 8 9 10 11 12 20000 14222 11200 5818 4000 15 22 13 1 10
2 4 5 30000 21600 27 30 30 1 18
5 9 10 11 12 13 40000 32400 22909 15000 8308 17 25 7 1 14
1 10 10000 9 18 32 1 1
1 5 20000 18 22 8 1 13
4 8 9 10 11 30000 21333 16800 10909 9 16 22 1 1
4 8 9 10 11 40000 28444 19200 14545 17 24 8 1 11
2 3 4 10000 6750 17 19 17 1 11
1 1 20000 31 31 30 2 13 22
5 3 4 5 6 7 30000 20250 12600 7500 3857 27 29 0 1 18
1 4 40000 3 6 32 1 0
4 9 10 11 12 10000 7200 5727 3750 12 20 19 1 9
3 8 9 10 20000 14222 11200 7 14 45 1 31
3 9 10 11 30000 24300 17182 20 28 16 1 12
3 10 11 12 40000 32727 20000 24 33 27 1 19
1 10 10000 12 21 39 1 5
3 4 5 6 20000 14400 8000 24 27 8 1 20
5 4 5 6 7 8 30000 21600 14000 6857 4500 25 28 8 1 27
3 2 3 4 40000 21333 12000 15 16 65 1 4
3 4 5 6 10000 6400 4667 14 17 46 1 17
1 9 20000 14 22 50 1 8
1 4 30000 7 10 32 1 31
4 7 8 9 10 40000 28000 21778 14000 16 22 22 1 15
3 7 8 9 10000 7875 4667 17 23 45 1 14
2 10 11 20000 16364 15 24 30 1 10
3 7 8 9 30000 21000 14000 29 35 8 1 38
3 9 10 11 40000 28800 19636 28 36 8 1 37
6 3 4 5 6 7 8 10000 6000 4200 2500 857 375 36 38 32 1 46
3 6 7 8 20000 13714 10500 25 30 40 1 27
4 7 8 9 10 30000 21000 14000 10500 17 23 22 1 26
1 8 40000 20 27 25 1 12
4 1 2 3 4 10000 4500 2000 1250 19 19 32 1 24
6 3 4 5 6 7 8 20000 13500 7200 5000 2571 750 25 27 30 1 45
4 2 3 4 5 30000 16000 10500 4800 36 37 8 1 46
6 4 5 6 7 8 9 40000 28800 18667 9143 4000 1778 36 39 25 2 36 46
6 2 3 4 5 6 7 10000 6000 3500 2000 1000 286 23 24 8 1 25
5 7 8 9 10 11 20000 14000 10889 7000 3818 27 33 32 1 18
4 10 11 12 13 30000 21818 17500 9231 23 32 13 1 21
2 5 6 40000 30000 25 29 16 1 56
1 3 10000 30 32 0 1 30
4 3 4 5 6 20000 12000 8400 5000 20 22 17 1 28
3 5 6 7 30000 22500 15000 29 33 21 1 34
1 7 40000 8 14 59 1 6
2 1 2 10000 4500 20 20 52 1 12
4 7 8 9 10 20000 14000 9333 5600 37 43 8 1 47
2 10 11 30000 24545 15 24 15 1 4
3 2 3 4 40000 21333 12000 19 20 51 1 16
4 5 6 7 8 10000 7500 5000 3125 38 42 8 2 21 54
3 9 10 11 20000 14400 11455 14 22 24 2 8 17
3 10 11 12 30000 21818 17500 20 29 41 1 52
4 9 10 11 12 40000 28800 19636 15000 33 41 13 3 50 58 59
5 9 10 11 12 13 10000 8100 4909 3000 1385 33 41 0 3 23 56 60
2 3 4 20000 13500 30 32 41 2 40 70
1 3 30000 23 25 24 1 69
1 3 40000 42 44 0 1 72
3 3 4 5 10000 6750 3600 28 30 30 1 53
3 10 11 12 20000 14545 10000 42 51 13 2 21 71
3 8 9 10 30000 24000 16800 24 31 28 1 50
5 1 2 3 4 5 40000 16000 8000 4000 1600 43 43 8 2 37 68
1 10 10000 11 20 32 1 42
4 4 5 6 7 20000 14400 8000 4571 21 24 51 1 67
1 8 30000 44 51 8 3 52 65 79
1 9 40000 20 28 35 1 52
5 5 6 7 8 9 10000 7500 5000 2500 1111 25 29 15 3 32 61 66
4 10 11 12 13 20000 16364 11667 6154 29 38 35 2 40 83
5 8 9 10 11 12 30000 21333 16800 8727 6000 30 37 15 2 43 84
1 2 40000 40 41 25 1 55
4 9 10 11 12 10000 8100 5727 3750 32 40 28 1 78
6 3 4 5 6 7 8 20000 12000 7200 4000 2571 750 34 36 32 1 57
3 8 9 10 30000 21333 16800 34 41 27 2 35 76
3 1 2 3 40000 16000 9333 25 25 37 1 66
3 10 11 12 10000 8182 5833 45 54 0 2 34 75
4 5 6 7 8 20000 15000 10000 6250 52 56 8 2 33 82
5 5 6 7 8 9 30000 22500 15000 7500 3333 29 33 21 2 34 74
5 2 3 4 5 6 40000 21333 12000 8000 2667 57 58 8 2 77 93
3 9 10 11 10000 7200 4909 39 47 35 3 63 73 85
3 3 4 5 20000 12000 8400 57 59 10 3 7 82 93
4 6 7 8 9 30000 20571 13500 10000 59 64 8 2 87 95
4 8 9 10 11 40000 28444 19200 11636 55 62 0 2 62 92
6 1 2 3 4 5 6 10000 4500 2000 1000 600 167 17 17 65 2 39 42
5 3 4 5 6 7 20000 12000 7200 5000 1714 26 28 44 2 16 91
1 3 30000 65 67 8 3 64 67 98
1 2 40000 15 16 56 1 33
6 1 2 3 4 5 6 10000 4000 2000 1000 600 167 60 60 10 2 25 97
4 9 10 11 12 20000 14400 11455 7500 38 46 15 3 51 80 86
6 7 8 9 10 11 12 30000 23625 16333 10500 3818 1750 34 40 21 2 31 94
3 10 11 12 40000 29091 23333 63 72 0 2 91 99
6 10 11 12 13 14 15 10000 8182 5833 3846 2143 667 37 46 32 1 89
1 2 20000 42 43 27 3 44 88 90
3 9 10 11 30000 21600 17182 41 49 32 3 41 42 88
4 9 10 11 12 40000 28800 19636 15000 47 55 15 3 29 105 106
4 6 7 8 9 10000 6857 4500 3333 73 78 0 3 101 103 107
2 6 7 20000 13714 68 73 8 2 38 102
3 8 9 10 30000 21333 16800 56 63 15 3 49 90 111
2 5 6 40000 26667 61 65 10 3 48 104 109
3 6 7 8 10000 7714 5250 79 84 0 3 108 112 114
4 2 3 4 5 20000 10667 6000 4000 48 49 35 3 73 96 100
2 3 4 30000 18000 74 76 8 3 86 110 113
3 9 10 11 40000 28800 19636 66 74 10 3 7 81 115