2000
20000
0.5
0.02
0.1
250000
0.005
120
0
1 9 10000 1 9 0 0
3 7 8 9 20000 15750 10889 1 7 2 0
2 6 7 30000 20571 1 6 0 0
1 8 40000 1 8 14 0
2 10 11 10000 7273 10 19 0 1 0
3 1 2 3 20000 9000 4000 10 10 0 1 0
6 1 2 3 4 5 6 30000 12000 7000 3000 1200 500 10 10 11 1 0
1 5 40000 7 11 0 1 2
1 5 10000 11 15 21 1 6
2 9 10 20000 14400 8 16 2 1 1
3 1 2 3 30000 12000 7000 12 12 13 1 7
3 3 4 5 40000 27000 14400 12 14 0 1 7
1 2 10000 12 13 0 1 7
5 3 4 5 6 7 20000 12000 8400 5000 2571 11 13 26 1 5
5 7 8 9 10 11 30000 21000 14000 10500 5727 16 22 21 1 8
2 4 5 40000 28800 13 16 13 1 10
1 1 10000 17 17 5 1 9
4 1 2 3 4 20000 8000 4000 2500 14 14 0 1 12
1 5 30000 11 15 14 1 6
3 6 7 8 40000 30857 18000 11 16 6 1 5
4 2 3 4 5 10000 5333 3500 1600 15 16 0 1 11
2 6 7 20000 15429 16 21 16 1 18
2 9 10 30000 21600 15 23 0 1 17
4 4 5 6 7 40000 25600 16000 9143 9 12 18 1 3
1 6 10000 16 21 28 2 8 11
3 4 5 6 20000 14400 8000 14 17 12 1 12
6 1 2 3 4 5 6 30000 12000 7000 3000 1800 500 14 14 26 1 13
4 10 11 12 13 40000 29091 20000 15385 16 25 14 1 18
2 9 10 10000 7200 11 19 0 1 5
2 5 6 20000 15000 7 11 25 1 2
2 1 2 30000 12000 18 18 13 1 16
3 6 7 8 40000 27429 18000 20 25 9 1 4
4 1 2 3 4 10000 4500 2333 1250 23 23 21 2 12 14
4 3 4 5 6 20000 12000 8400 5000 7 9 21 1 2
2 3 4 30000 18000 24 26 0 1 22
5 6 7 8 9 10 40000 30857 21000 13333 4800 17 22 0 1 20
3 8 9 10 10000 8000 4800 15 22 15 1 11
2 8 9 20000 14222 20 27 0 1 4
4 8 9 10 11 30000 24000 14400 10909 23 30 0 1 35
3 10 11 12 40000 32727 23333 9 18 14 1 3
4 6 7 8 9 10000 7714 4500 3333 9 14 20 1 3
2 2 3 20000 12000 28 29 0 1 37
6 1 2 3 4 5 6 30000 13500 7000 3000 1800 500 13 13 26 1 10
1 8 40000 11 18 11 1 6
2 4 5 10000 7200 17 20 16 1 9
3 5 6 7 20000 15000 8571 26 30 9 1 31
3 8 9 10 30000 21333 16800 19 26 14 1 39
2 1 2 40000 16000 15 15 10 1 17
1 7 10000 13 19 29 1 10
6 1 2 3 4 5 6 20000 8000 4667 2500 1200 333 14 14 26 1 42
1 7 30000 20 26 0 1 28
6 3 4 5 6 7 8 40000 24000 16800 8000 5143 1500 31 33 0 1 38
3 3 4 5 10000 6000 4200 17 19 2 1 9
3 5 6 7 20000 13333 10000 16 20 22 1 8
6 10 11 12 13 14 15 30000 24545 15000 9231 4286 2000 8 17 12 1 1
6 9 10 11 12 13 14 40000 32400 22909 12000 5538 2571 20 28 2 1 52
6 10 11 12 13 14 15 10000 8182 5000 3846 2143 667 27 36 0 1 34
6 5 6 7 8 9 10 20000 15000 8571 6250 2222 1000 16 20 10 1 47
5 6 7 8 9 10 30000 20571 13500 8000 3600 34 39 0 1 51
6 3 4 5 6 7 8 40000 24000 16800 8000 3429 1500 18 20 5 1 16
4 4 5 6 7 10000 7200 4667 2286 12 15 25 1 29
6 5 6 7 8 9 10 20000 13333 8571 5000 2222 1000 21 25 5 1 59
6 3 4 5 6 7 8 30000 18000 12600 6000 3857 1125 20 22 24 1 28
2 10 11 40000 32727 29 38 2 3 33 55 61
3 4 5 6 10000 7200 4000 37 40 0 2 44 56
6 3 4 5 6 7 8 20000 12000 7200 4000 1714 750 18 20 12 1 25
2 8 9 30000 24000 19 26 11 2 43 54
2 1 2 40000 18000 13 13 18 1 23
1 5 10000 21 25 21 1 44
2 9 10 20000 16200 40 48 0 2 45 58
2 2 3 30000 18000 21 22 11 2 59 67
2 8 9 40000 28444 41 48 0 1 64
5 7 8 9 10 11 10000 7875 4667 2800 1909 34 40 2 2 17 51
4 3 4 5 6 20000 12000 7200 5000 15 17 20 1 40
1 5 30000 14 18 27 1 42
2 3 4 40000 24000 41 43 2 2 4 72
6 7 8 9 10 11 12 10000 7875 4667 2800 1273 583 27 33 11 2 36 66
2 5 6 20000 15000 26 30 14 2 27 73
2 8 9 30000 21333 17 24 6 1 19
3 1 2 3 40000 16000 8000 21 21 12 1 65
3 1 2 3 10000 4500 2000 44 44 3 3 62 68 75
1 10 20000 30 39 0 2 15 41
1 4 30000 27 30 0 1 50
6 8 9 10 11 12 13 40000 32000 19200 11636 8000 2462 34 41 11 3 52 76 77
1 1 10000 18 18 30 1 54
6 4 5 6 7 8 9 20000 12800 8000 4571 2000 889 44 47 2 2 74 75
3 4 5 6 30000 19200 14000 24 27 21 1 32
4 10 11 12 13 40000 32727 23333 12308 21 30 22 1 53
4 9 10 11 12 10000 7200 4909 3000 39 47 2 3 26 59 63
2 4 5 20000 12800 31 34 2 1 38
6 3 4 5 6 7 8 30000 20250 10800 7500 3857 1125 21 23 22 1 65
3 5 6 7 40000 30000 17143 45 49 3 1 80
6 5 6 7 8 9 10 10000 6667 4286 2500 1667 500 12 16 38 1 29
2 7 8 20000 14000 44 50 4 3 74 75 76
4 9 10 11 12 30000 21600 14727 9000 27 35 14 2 46 60
1 3 40000 35 37 2 1 89
1 3 10000 31 33 0 3 57 78 82
5 9 10 11 12 13 20000 16200 11455 6000 2769 19 27 13 1 30
4 2 3 4 5 30000 16000 9000 4800 38 39 9 2 47 95
3 9 10 11 40000 28800 22909 40 48 0 2 81 95
2 9 10 10000 7200 28 36 13 2 49 97
2 4 5 20000 12800 34 37 0 3 70 79 96
2 3 4 30000 18000 18 20 40 1 16
2 3 4 40000 27000 48 50 2 3 88 94 100
6 2 3 4 5 6 7 10000 5333 3000 1600 667 286 49 50 0 3 69 84 98
6 3 4 5 6 7 8 20000 13500 7200 5000 2571 750 50 52 3 2 83 91
3 10 11 12 30000 21818 15000 48 57 2 3 37 85 89
3 6 7 8 40000 30857 18000 49 54 0 2 66 71
3 9 10 11 10000 8100 4909 51 59 0 3 56 77 104
4 1 2 3 4 20000 8000 4000 2000 55 55 0 3 92 93 107
3 8 9 10 30000 21333 16800 51 58 2 3 53 87 103
1 8 40000 38 45 0 3 21 73 101
6 1 2 3 4 5 6 10000 4000 2333 1250 600 167 49 49 0 3 48 86 99
4 3 4 5 6 20000 13500 7200 4000 34 36 19 2 33 51
5 7 8 9 10 11 30000 23625 16333 10500 5727 46 52 0 3 38 90 111
1 1 40000 60 60 0 3 106 108 112
4 9 10 11 12 10000 7200 4909 3750 56 64 0 3 105 109 113
1 5 20000 61 65 0 3 102 110 115
1 8 30000 34 41 0 1 96
2 6 7 40000 27429 50 55 0 3 24 54 112