2000
20000
0.5
0.02
0.1
250000
0.005
120
0
1 1 10000 1 1 0 0
3 4 5 6 20000 14400 8000 1 4 19 0
2 2 3 30000 18000 1 2 41 0
5 9 10 11 12 13 40000 28800 22909 12000 8308 1 9 0 0
6 8 9 10 11 12 13 10000 7111 5600 3636 1333 615 2 9 0 1 0
5 5 6 7 8 9 20000 13333 8571 6250 2222 2 6 32 1 0
6 5 6 7 8 9 10 30000 22500 12857 9375 5000 1500 10 14 13 1 3
1 2 40000 2 3 43 1 0
6 1 2 3 4 5 6 10000 4000 2333 1000 600 167 7 7 32 1 5
1 4 20000 10 13 72 1 3
5 4 5 6 7 8 30000 21600 12000 8571 4500 5 8 21 1 1
3 10 11 12 40000 32727 20000 10 19 0 1 3
1 6 10000 8 13 32 1 8
6 1 2 3 4 5 6 20000 8000 4000 2500 800 333 7 7 42 1 5
1 10 30000 8 17 40 1 8
2 5 6 40000 26667 10 14 0 1 4
4 1 2 3 4 10000 4000 2000 1250 5 5 19 1 1
3 3 4 5 20000 12000 7200 15 17 0 1 15
1 2 30000 4 5 43 1 7
3 6 7 8 40000 30857 21000 20 25 14 1 11
6 3 4 5 6 7 8 10000 6750 3600 2000 857 375 5 7 20 1 1
4 4 5 6 7 20000 12800 8000 4571 20 23 0 1 11
2 1 2 30000 13500 8 8 42 1 13
4 6 7 8 9 40000 27429 21000 10667 10 15 36 1 4
5 3 4 5 6 7 10000 6750 3600 2500 857 14 16 43 1 12
1 5 20000 3 7 41 1 2
2 9 10 30000 24300 18 26 12 1 17
1 10 40000 18 27 10 2 17 20
6 3 4 5 6 7 8 10000 6750 3600 2500 857 375 15 17 37 1 6
4 8 9 10 11 20000 14222 9600 7273 24 31 0 1 21
2 8 9 30000 21333 18 25 0 1 17
6 2 3 4 5 6 7 40000 21333 12000 8000 4000 1143 9 10 21 1 10
4 5 6 7 8 10000 6667 5000 2500 17 21 43 1 24
3 8 9 10 20000 14222 11200 15 22 13 1 6
2 1 2 30000 13500 9 9 44 1 10
4 8 9 10 11 40000 32000 22400 11636 24 31 8 1 21
6 4 5 6 7 8 9 10000 6400 4667 2857 1000 444 28 31 21 1 27
6 7 8 9 10 11 12 20000 15750 9333 7000 3818 1167 6 12 19 1 16
2 6 7 30000 23143 26 31 0 1 30
5 7 8 9 10 11 40000 31500 21778 11200 7636 32 38 0 1 29
2 1 2 10000 4000 28 28 10 1 27
3 9 10 11 20000 14400 11455 32 40 8 2 19 35
5 3 4 5 6 7 30000 18000 12600 6000 3857 3 5 41 1 2
2 9 10 40000 32400 6 14 24 1 16
5 10 11 12 13 14 10000 7273 5833 3846 1429 39 48 0 1 39
4 9 10 11 12 20000 14400 11455 6000 20 28 29 1 11
6 3 4 5 6 7 8 30000 18000 10800 7500 3857 1125 32 34 21 1 36
3 7 8 9 40000 28000 18667 11 17 21 1 31
1 7 10000 32 38 0 2 37 38
2 6 7 20000 15429 32 37 39 1 38
2 4 5 30000 21600 14 17 32 1 12
3 5 6 7 40000 30000 17143 23 27 14 1 33
1 7 10000 39 45 0 2 39 40
2 7 8 20000 14000 9 15 28 1 10
5 1 2 3 4 5 30000 13500 6000 3000 1200 18 18 32 2 12 50
1 10 40000 27 36 12 1 26
4 1 2 3 4 10000 4500 2000 1000 22 22 43 1 32
1 10 20000 41 50 8 2 41 42
6 1 2 3 4 5 6 30000 12000 7000 3000 1800 500 24 24 34 1 21
6 8 9 10 11 12 13 40000 28444 19200 14545 5333 2462 26 33 10 2 30 33
2 3 4 10000 6000 15 17 24 1 6
4 2 3 4 5 20000 10667 7000 3200 18 19 37 2 28 31
3 9 10 11 30000 21600 14727 6 14 41 1 42
5 4 5 6 7 8 40000 28800 16000 9143 6000 18 21 40 1 14
3 1 2 3 10000 4000 2333 18 18 23 1 47
5 9 10 11 12 13 20000 14400 11455 7500 2769 32 40 25 1 35
6 9 10 11 12 13 14 30000 21600 14727 9000 6231 1929 18 26 21 1 47
4 2 3 4 5 40000 21333 12000 6400 10 11 44 1 34
6 7 8 9 10 11 12 10000 7875 4667 2800 1273 583 27 33 22 1 26
1 6 20000 12 17 44 1 67
2 6 7 30000 20571 26 31 30 1 30
5 4 5 6 7 8 40000 25600 16000 9143 6000 32 35 27 2 4 36
4 5 6 7 8 10000 7500 4286 3125 19 23 32 1 54
4 10 11 12 13 20000 14545 10000 7692 28 37 14 3 51 60 64
6 9 10 11 12 13 14 30000 24300 17182 9000 6231 1929 34 42 10 2 53 59
2 8 9 40000 32000 20 27 37 1 61
1 5 10000 9 13 42 2 8 22
3 4 5 6 20000 12800 9333 16 19 39 1 53
5 10 11 12 13 14 30000 24545 17500 9231 6429 49 58 0 3 18 25 44
3 7 8 9 40000 31500 18667 37 43 12 1 55
4 6 7 8 9 10000 7714 5250 2667 46 51 0 1 52
4 6 7 8 9 20000 15429 10500 5333 32 37 30 3 63 69 70
4 8 9 10 11 30000 24000 16800 8727 34 41 22 3 62 68 72
1 10 40000 59 68 0 1 78
4 1 2 3 4 10000 4000 2000 1000 18 18 48 1 47
3 9 10 11 20000 14400 9818 25 33 34 3 50 58 77
2 4 5 30000 21600 42 45 22 1 82
4 9 10 11 12 40000 32400 19636 12000 39 47 0 2 43 48
1 7 10000 51 57 8 1 57
1 6 20000 27 32 40 2 66 84
3 3 4 5 30000 18000 12600 43 45 10 1 74
5 8 9 10 11 12 40000 28444 19200 11636 5333 39 46 19 1 39
1 1 10000 19 19 46 1 54
4 6 7 8 9 20000 15429 9000 6667 38 43 14 1 73
6 6 7 8 9 10 11 30000 20571 15750 8000 5400 1636 52 57 0 3 19 23 80
3 5 6 7 40000 26667 17143 8 12 43 1 13
4 2 3 4 5 10000 6000 3000 1600 12 13 55 1 67
4 8 9 10 11 20000 16000 9600 7273 48 55 0 2 66 87
2 9 10 30000 21600 38 46 30 3 69 81 85
3 2 3 4 40000 24000 14000 44 45 12 3 76 79 95
5 2 3 4 5 6 10000 5333 3000 2000 667 10 11 46 1 34
3 5 6 7 20000 13333 10000 69 73 0 2 83 96
4 1 2 3 4 30000 13500 7000 3000 28 28 37 2 24 75
6 8 9 10 11 12 13 40000 28444 19200 11636 8000 2462 58 65 0 2 45 94
4 5 6 7 8 10000 7500 5000 2500 15 19 54 1 15
2 4 5 20000 14400 58 61 15 3 2 89 94
5 5 6 7 8 9 30000 22500 15000 7500 3333 46 50 12 3 93 99 100
2 5 6 40000 26667 66 70 0 2 102 103
2 7 8 10000 7875 62 68 15 1 105
2 9 10 20000 14400 47 55 30 3 27 49 98
2 7 8 30000 21000 56 62 0 3 46 90 97
3 10 11 12 40000 32727 23333 74 83 0 3 67 101 104
2 1 2 10000 4000 48 48 20 3 15 86 87
1 2 20000 84 85 0 3 22 108 111
5 3 4 5 6 7 30000 20250 10800 6000 2571 58 60 8 3 65 88 92
1 3 40000 66 68 0 3 56 91 103
5 1 2 3 4 5 10000 4000 2333 1000 400 86 86 0 3 9 109 113
1 3 20000 71 73 0 2 48 107
3 10 11 12 30000 21818 17500 69 78 0 3 112 114 115
2 4 5 40000 25600 63 66 0 3 71 106 110