2000
20000
0.5
0.02
0.1
250000
0.005
120
0
1 4 10000 1 4 6 0
3 10 11 12 20000 14545 10000 1 10 0 0
3 9 10 11 30000 21600 17182 1 9 0 0
5 4 5 6 7 8 40000 25600 18667 11429 4000 1 4 16 0
5 3 4 5 6 7 10000 6000 4200 2500 857 5 7 25 1 0
1 5 20000 5 9 6 1 0
5 10 11 12 13 14 30000 21818 17500 11538 4286 11 20 48 1 1
4 7 8 9 10 40000 31500 21778 14000 10 16 0 1 2
4 7 8 9 10 10000 7875 5444 3500 11 17 0 1 1
3 7 8 9 20000 14000 9333 17 23 0 1 7
4 9 10 11 12 30000 24300 14727 9000 11 19 0 1 1
2 9 10 40000 28800 10 18 6 1 5
4 5 6 7 8 10000 6667 5000 3125 5 9 16 1 3
3 8 9 10 20000 16000 9600 20 27 0 1 10
4 9 10 11 12 30000 24300 17182 11250 10 18 17 1 12
2 3 4 40000 27000 24 26 0 1 9
1 9 10000 17 25 19 1 7
1 2 20000 18 19 0 2 2 8
5 6 7 8 9 10 30000 20571 15750 10000 5400 5 10 22 1 0
5 4 5 6 7 8 40000 28800 16000 11429 6000 20 23 0 1 17
6 6 7 8 9 10 11 10000 6857 5250 2667 1200 545 18 23 0 1 8
4 1 2 3 4 20000 8000 4000 2500 28 28 12 1 13
2 3 4 30000 18000 20 22 18 1 17
2 7 8 40000 31500 27 33 0 1 15
5 6 7 8 9 10 10000 6857 4500 3333 1800 20 25 12 1 10
2 2 3 20000 12000 24 25 18 1 19
6 10 11 12 13 14 15 30000 24545 17500 9231 6429 2000 24 33 38 1 20
6 9 10 11 12 13 14 40000 32400 19636 15000 8308 2571 10 18 20 1 5
1 6 10000 24 29 0 1 20
6 5 6 7 8 9 10 20000 15000 8571 6250 3333 1000 34 38 0 1 23
3 5 6 7 30000 20000 15000 20 24 9 1 10
1 4 40000 11 14 25 1 18
4 9 10 11 12 10000 8100 4909 3750 24 32 39 1 20
2 1 2 20000 9000 19 19 17 1 14
3 4 5 6 30000 21600 12000 29 32 12 1 21
1 8 40000 19 26 26 1 14
3 2 3 4 10000 6000 3000 26 27 18 1 25
1 1 20000 28 28 0 1 13
1 1 30000 24 24 0 1 19
4 6 7 8 9 40000 30857 18000 13333 15 20 25 1 31
4 7 8 9 10 10000 7000 4667 2800 24 30 7 1 19
6 4 5 6 7 8 9 20000 14400 9333 5714 2000 889 25 28 14 1 30
3 10 11 12 30000 24545 17500 23 32 31 1 22
5 4 5 6 7 8 40000 25600 18667 11429 6000 34 37 14 1 23
1 3 10000 28 30 0 1 13
3 2 3 4 20000 12000 6000 19 20 25 1 14
4 6 7 8 9 30000 23143 15750 8000 28 33 18 1 36
3 7 8 9 40000 28000 21778 31 37 0 1 44
5 9 10 11 12 13 10000 7200 4909 3000 2077 21 29 25 1 39
4 9 10 11 12 20000 14400 11455 6000 27 35 26 1 35
4 6 7 8 9 30000 20571 13500 10000 26 31 20 1 25
1 7 40000 24 30 24 1 9
3 3 4 5 10000 6750 4200 17 19 30 1 7
3 7 8 9 20000 15750 9333 23 29 18 1 22
3 2 3 4 30000 16000 9000 10 11 0 1 2
1 7 40000 10 16 16 1 12
5 5 6 7 8 9 10000 6667 5000 2500 1111 31 35 24 2 48 51
4 4 5 6 7 20000 12800 9333 5714 5 8 58 1 3
3 4 5 6 30000 19200 14000 29 32 0 1 37
5 9 10 11 12 13 40000 32400 19636 15000 5538 30 38 0 1 28
2 7 8 10000 7875 24 30 40 1 9
5 9 10 11 12 13 20000 16200 9818 7500 4154 25 33 0 2 11 38
6 8 9 10 11 12 13 30000 24000 14400 8727 4000 1846 17 24 16 2 18 55
3 9 10 11 40000 28800 19636 31 39 12 2 40 41
4 7 8 9 10 10000 7875 5444 3500 21 27 25 1 45
5 10 11 12 13 14 20000 16364 10000 6154 2857 21 30 27 1 45
6 8 9 10 11 12 13 30000 21333 16800 8727 4000 1846 33 40 0 2 4 58
3 3 4 5 40000 24000 16800 21 23 37 1 39
6 3 4 5 6 7 8 10000 6000 4200 2500 857 375 25 27 16 1 62
3 2 3 4 20000 10667 6000 20 21 17 1 33
1 10 30000 19 28 20 1 27
3 6 7 8 40000 27429 21000 12 17 0 1 54
3 1 2 3 10000 4500 2333 30 30 18 1 53
6 9 10 11 12 13 14 20000 14400 9818 6000 4154 1286 10 18 36 1 12
5 5 6 7 8 9 30000 22500 15000 7500 3333 25 29 9 1 30
1 7 40000 34 40 0 1 61
6 10 11 12 13 14 15 10000 7273 5000 3077 2143 667 39 48 0 3 59 69 74
3 3 4 5 20000 12000 7200 20 22 17 1 17
3 3 4 5 30000 20250 10800 20 22 30 1 52
1 6 40000 23 28 17 1 77
2 8 9 10000 8000 38 45 0 3 24 40 47
4 1 2 3 4 20000 9000 4667 2000 24 24 37 1 67
4 2 3 4 5 30000 18000 9000 4800 39 40 5 2 59 68
1 1 40000 41 41 0 2 47 75
3 9 10 11 10000 7200 4909 28 36 25 2 64 69
5 4 5 6 7 8 20000 14400 9333 4571 3000 40 43 15 1 63
6 4 5 6 7 8 9 30000 19200 12000 8571 3000 1333 33 36 12 2 16 34
6 9 10 11 12 13 14 40000 28800 22909 15000 5538 2571 36 44 24 1 56
3 4 5 6 10000 7200 4000 49 52 0 3 70 76 86
4 2 3 4 5 20000 10667 7000 4000 45 46 24 3 6 55 87
2 3 4 30000 18000 46 48 0 3 27 79 80
2 3 4 40000 27000 34 36 18 3 3 46 50
1 4 10000 21 24 33 1 45
3 5 6 7 20000 13333 8571 41 45 0 1 66
3 10 11 12 30000 24545 15000 49 58 0 3 72 77 90
5 8 9 10 11 12 40000 32000 22400 14545 5333 46 53 0 3 34 82 93
1 8 10000 33 40 12 1 34
3 8 9 10 20000 16000 11200 25 32 34 1 38
2 5 6 30000 20000 59 63 0 2 85 94
3 8 9 10 40000 32000 22400 37 44 25 3 49 81 84
3 8 9 10 10000 7111 4800 42 49 0 1 83
1 4 20000 33 36 31 3 42 53 92
1 4 30000 64 67 0 2 4 98
5 3 4 5 6 7 40000 24000 16800 8000 5143 46 48 9 3 73 80 91
5 2 3 4 5 6 10000 6000 3500 2000 667 68 69 0 3 35 101 102
3 4 5 6 20000 12800 9333 54 57 0 3 4 88 95
4 2 3 4 5 30000 18000 10500 6000 34 35 38 1 26
4 2 3 4 5 40000 24000 12000 8000 70 71 0 3 43 99 104
3 7 8 9 10000 7875 5444 18 24 0 1 71
1 2 20000 72 73 0 3 32 102 107
5 6 7 8 9 10 30000 20571 15750 10000 5400 40 45 12 2 43 63
2 8 9 40000 28444 53 60 0 3 78 88 96
2 9 10 10000 8100 58 66 0 3 92 103 105
4 10 11 12 13 20000 16364 11667 6154 49 58 22 3 60 89 90
6 3 4 5 6 7 8 30000 18000 10800 7500 3857 1125 46 48 12 3 33 65 110
6 9 10 11 12 13 14 40000 28800 22909 12000 5538 2571 67 75 0 3 57 97 112
3 7 8 9 10000 7875 5444 74 80 0 3 28 106 109
5 8 9 10 11 12 20000 16000 11200 5818 2667 76 83 0 2 38 115
2 7 8 30000 21000 61 67 0 2 111 114
2 10 11 40000 29091 81 90 0 2 113 116