2000
20000
0.5
0.02
0.1
250000
0.005
120
0
1 2 10000 1 2 0 0
1 1 20000 1 1 0 0
5 5 6 7 8 9 30000 22500 12857 9375 3333 1 5 5 0
4 9 10 11 12 40000 28800 22909 15000 1 9 0 0
6 6 7 8 9 10 11 10000 7714 4500 2667 1800 545 2 7 0 1 1
2 10 11 20000 14545 2 11 0 1 1
2 5 6 30000 20000 3 7 0 1 0
1 2 40000 12 13 17 1 5
3 1 2 3 10000 4500 2333 6 6 5 1 2
1 6 20000 12 17 0 1 5
4 7 8 9 10 30000 21000 14000 10500 3 9 45 1 0
3 1 2 3 40000 16000 9333 10 10 9 1 3
2 5 6 10000 6667 18 22 0 1 9
1 4 20000 10 13 25 1 3
4 8 9 10 11 30000 21333 16800 10909 10 17 0 1 3
3 9 10 11 40000 28800 22909 7 15 5 1 8
2 3 4 10000 6000 8 10 36 1 4
2 5 6 20000 13333 7 11 19 1 8
2 10 11 30000 21818 18 27 0 1 14
6 6 7 8 9 10 11 40000 30857 21000 10667 7200 2182 8 13 3 1 4
6 3 4 5 6 7 8 10000 6000 4200 2000 1286 375 18 20 1 1 14
2 5 6 20000 13333 8 12 0 1 6
3 7 8 9 30000 21000 16333 8 14 0 1 4
5 1 2 3 4 5 40000 18000 9333 4000 1600 2 2 48 1 1
2 1 2 10000 4500 18 18 0 1 9
6 3 4 5 6 7 8 20000 12000 8400 4000 1714 750 13 15 20 1 21
6 10 11 12 13 14 15 30000 21818 17500 9231 6429 2000 13 22 0 1 21
4 8 9 10 11 40000 32000 22400 14545 8 15 8 1 6
4 7 8 9 10 10000 7000 4667 3500 10 16 45 1 10
2 1 2 20000 9000 18 18 18 1 14
6 3 4 5 6 7 8 30000 20250 10800 6000 3857 1125 15 17 40 1 22
1 4 40000 16 19 12 1 15
5 6 7 8 9 10 10000 7714 4500 2667 1200 16 21 8 1 27
4 9 10 11 12 20000 16200 9818 7500 19 27 0 1 24
1 2 30000 28 29 0 2 11 18
5 9 10 11 12 13 40000 28800 19636 12000 8308 11 19 36 1 16
5 5 6 7 8 9 10000 7500 5000 3125 1111 28 32 16 1 33
5 7 8 9 10 11 20000 14000 10889 5600 3818 21 27 1 1 20
3 2 3 4 30000 16000 10500 11 12 9 1 11
3 10 11 12 40000 32727 23333 16 25 5 1 15
5 2 3 4 5 6 10000 5333 3000 1600 667 28 29 0 1 33
3 4 5 6 20000 14400 9333 28 31 1 2 26 37
4 10 11 12 13 30000 21818 17500 11538 13 22 9 1 38
6 4 5 6 7 8 9 40000 25600 18667 11429 6000 1778 11 14 20 1 11
6 4 5 6 7 8 9 10000 7200 4667 2857 1000 444 23 26 2 1 12
1 1 20000 6 6 25 1 2
3 8 9 10 30000 24000 16800 23 30 9 1 42
4 4 5 6 7 40000 25600 18667 9143 14 17 25 1 13
5 7 8 9 10 11 10000 7000 4667 2800 1909 15 21 20 1 43
5 2 3 4 5 6 20000 12000 6000 4000 2000 17 18 45 1 28
4 6 7 8 9 30000 20571 13500 8000 6 11 24 1 2
1 7 40000 20 26 12 2 31 45
1 8 10000 16 23 20 1 25
1 3 20000 13 15 26 1 21
5 5 6 7 8 9 30000 20000 12857 9375 3333 30 34 1 1 34
3 1 2 3 40000 16000 8000 14 14 24 1 7
5 10 11 12 13 14 10000 8182 5833 3077 1429 16 25 26 1 53
3 9 10 11 20000 16200 11455 30 38 0 2 40 44
1 7 30000 30 36 0 2 32 34
4 4 5 6 7 40000 28800 16000 9143 15 18 12 1 22
2 9 10 10000 7200 16 24 19 1 15
6 6 7 8 9 10 11 20000 13714 9000 6667 3600 1091 39 44 0 1 57
6 9 10 11 12 13 14 30000 24300 17182 11250 4154 1929 19 27 8 1 24
6 3 4 5 6 7 8 40000 24000 14400 8000 3429 1500 12 14 27 1 5
3 8 9 10 10000 7111 4800 23 30 0 1 26
6 1 2 3 4 5 6 20000 8000 4000 2500 1200 333 30 30 1 1 34
4 3 4 5 6 30000 18000 12600 6000 14 16 33 1 19
5 8 9 10 11 12 40000 28444 19200 11636 5333 19 26 18 1 29
1 3 10000 15 17 24 2 43 55
6 8 9 10 11 12 13 20000 14222 9600 5818 2667 1231 20 27 36 1 35
3 8 9 10 30000 21333 16800 15 22 0 1 22
1 8 40000 31 38 0 2 24 64
5 3 4 5 6 7 10000 6750 4200 2000 1286 22 24 39 1 48
2 6 7 20000 13714 27 32 2 2 27 44
5 3 4 5 6 7 30000 18000 10800 7500 2571 32 34 1 2 41 44
6 7 8 9 10 11 12 40000 31500 18667 14000 7636 2333 23 29 15 1 42
6 1 2 3 4 5 6 10000 4500 2333 1000 600 167 25 25 19 3 26 52 60
5 5 6 7 8 9 20000 15000 10000 6250 3333 14 18 3 1 19
1 9 30000 35 43 1 1 54
1 10 40000 19 28 3 1 77
6 3 4 5 6 7 8 10000 6750 4200 2500 1286 375 35 37 1 2 50 74
6 4 5 6 7 8 9 20000 12800 9333 4571 2000 889 33 36 2 1 73
1 8 30000 26 33 5 3 17 39 59
4 5 6 7 8 40000 26667 20000 10000 31 35 1 2 65 79
6 3 4 5 6 7 8 10000 6750 4200 2000 1286 375 31 33 9 2 0 46
4 4 5 6 7 20000 14400 8000 5714 26 29 25 2 23 76
1 8 30000 22 29 28 2 48 66
1 3 40000 18 20 24 2 63 68
6 6 7 8 9 10 11 10000 6857 4500 3333 1200 545 39 44 0 2 38 71
2 4 5 20000 14400 28 31 10 1 33
2 3 4 30000 18000 23 25 0 1 12
5 10 11 12 13 14 40000 29091 20000 12308 5714 45 54 0 3 75 78 88
3 3 4 5 10000 6000 3600 32 34 10 2 48 89
4 8 9 10 11 20000 16000 9600 5818 14 21 17 1 7
6 10 11 12 13 14 15 30000 24545 17500 9231 6429 2000 26 35 19 2 76 87
4 4 5 6 7 40000 28800 16000 11429 23 26 0 1 70
3 10 11 12 10000 8182 5000 27 36 12 2 51 93
2 4 5 20000 14400 39 42 0 3 57 80 82
4 7 8 9 10 30000 23625 16333 10500 7 13 12 1 8
4 9 10 11 12 40000 28800 22909 15000 37 45 0 2 58 83
4 1 2 3 4 10000 4000 2333 1250 16 16 9 1 27
4 10 11 12 13 20000 16364 10000 7692 55 64 0 3 85 91 94
4 9 10 11 12 30000 21600 14727 9000 46 54 0 2 38 99
2 1 2 40000 16000 26 26 26 1 56
2 4 5 10000 7200 39 42 19 2 30 57
3 2 3 4 20000 12000 7000 28 29 36 3 49 69 72
6 3 4 5 6 7 8 30000 20250 12600 6000 2571 1125 28 30 8 1 62
3 9 10 11 40000 32400 19636 26 34 0 3 90 98 100
3 8 9 10 10000 8000 5600 45 52 0 3 61 67 92
1 2 20000 65 66 0 3 16 86 101
2 4 5 30000 21600 30 33 28 2 55 86
1 4 40000 53 56 0 3 90 103 108
3 10 11 12 10000 8182 5833 37 46 2 3 55 81 106
3 7 8 9 20000 14000 9333 55 61 0 3 59 99 102
1 4 30000 37 40 16 2 20 96
2 8 9 40000 32000 47 54 2 3 36 96 112
4 4 5 6 7 10000 6400 4000 2286 62 65 0 3 104 110 113
1 1 20000 43 43 0 3 47 84 97
1 3 30000 66 68 0 3 6 105 116
6 6 7 8 9 10 11 40000 30857 21000 13333 7200 2182 57 62 0 3 111 114 115