2000
20000
0.5
0.02
0.1
250000
0.005
120
0
1 8 10000 1 8 0 0
5 3 4 5 6 7 20000 13500 8400 4000 2571 1 3 0 0
4 8 9 10 11 30000 21333 16800 10909 1 8 1 0
1 5 40000 1 5 0 0
6 5 6 7 8 9 10 10000 7500 5000 3125 1111 500 9 13 13 1 2
4 9 10 11 12 20000 14400 11455 6000 9 17 1 1 2
4 7 8 9 10 30000 23625 14000 8400 9 15 0 1 0
5 10 11 12 13 14 40000 29091 23333 12308 5714 9 18 0 1 0
2 3 4 10000 6750 9 11 3 1 0
6 6 7 8 9 10 11 20000 13714 10500 6667 2400 1091 4 9 0 1 1
2 4 5 30000 19200 6 9 25 1 3
4 8 9 10 11 40000 32000 22400 11636 9 16 8 1 2
1 8 10000 10 17 7 1 9
5 5 6 7 8 9 20000 13333 8571 6250 3333 6 10 23 1 3
6 4 5 6 7 8 9 30000 21600 14000 6857 3000 1333 18 21 17 1 5
5 10 11 12 13 14 40000 32727 20000 12308 8571 6 15 0 1 3
4 9 10 11 12 10000 7200 5727 3000 14 22 13 1 4
3 2 3 4 20000 12000 6000 10 11 0 1 9
1 5 30000 4 8 33 1 1
5 4 5 6 7 8 40000 28800 16000 9143 6000 12 15 3 1 8
2 9 10 10000 8100 11 19 23 1 13
2 2 3 20000 12000 19 20 0 2 5 7
6 10 11 12 13 14 15 30000 24545 15000 11538 4286 2000 17 26 8 1 11
6 8 9 10 11 12 13 40000 32000 22400 11636 5333 2462 16 23 0 1 6
1 5 10000 18 22 7 1 12
3 9 10 11 20000 16200 11455 16 24 0 1 15
1 9 30000 12 20 0 1 17
4 4 5 6 7 40000 25600 18667 9143 27 30 21 2 22 24
6 2 3 4 5 6 7 10000 6000 3500 1600 1000 286 16 17 23 1 19
1 4 20000 12 15 19 1 17
6 10 11 12 13 14 15 30000 24545 15000 9231 6429 2000 10 19 27 1 10
1 7 40000 18 24 14 1 12
1 8 10000 18 25 8 1 12
4 9 10 11 12 20000 16200 11455 6000 21 29 0 1 26
4 6 7 8 9 30000 20571 15750 10000 10 15 26 1 9
6 10 11 12 13 14 15 40000 29091 20000 12308 5714 2667 24 33 3 1 23
5 6 7 8 9 10 10000 6857 5250 2667 1200 24 29 0 1 23
3 5 6 7 20000 13333 8571 16 20 3 1 19
5 3 4 5 6 7 30000 18000 10800 7500 3857 30 32 0 1 36
4 2 3 4 5 40000 21333 12000 6400 9 10 33 1 18
1 4 10000 21 24 3 1 37
3 6 7 8 20000 13714 9000 33 38 1 1 38
6 1 2 3 4 5 6 30000 13500 6000 3000 1800 500 25 25 0 1 25
3 2 3 4 40000 21333 14000 18 19 23 2 4 28
1 1 10000 21 21 4 1 37
1 6 20000 18 23 30 1 5
1 4 30000 16 19 1 1 15
2 9 10 40000 28800 4 12 32 1 1
3 1 2 3 10000 4500 2333 26 26 5 1 42
2 7 8 20000 15750 25 31 2 1 25
5 9 10 11 12 13 30000 21600 17182 11250 6231 21 29 0 2 21 46
3 4 5 6 40000 28800 16000 16 19 27 1 19
1 4 10000 23 26 13 1 16
3 7 8 9 20000 15750 9333 21 27 5 1 21
1 2 30000 27 28 8 1 48
3 2 3 4 40000 24000 14000 26 27 0 1 42
6 5 6 7 8 9 10 10000 7500 5000 3125 1667 500 30 34 4 1 33
4 7 8 9 10 20000 14000 9333 5600 21 27 16 1 21
1 6 30000 24 29 0 1 23
1 6 40000 33 38 0 1 38
3 5 6 7 10000 7500 5000 11 15 24 1 13
6 10 11 12 13 14 15 20000 16364 10000 6154 4286 1333 19 28 12 1 7
6 2 3 4 5 6 7 30000 16000 9000 6000 2000 857 22 23 4 1 44
1 10 40000 16 25 19 1 29
1 9 10000 25 33 3 2 37 40
1 9 20000 14 22 16 1 4
6 5 6 7 8 9 10 30000 22500 15000 7500 3333 1500 28 32 0 2 55 62
2 1 2 40000 16000 20 20 27 1 51
3 9 10 11 10000 7200 4909 29 37 12 2 13 61
2 10 11 20000 14545 30 39 12 2 34 50
2 2 3 30000 18000 27 28 8 1 22
2 8 9 40000 28444 28 35 16 3 39 57 60
6 3 4 5 6 7 8 10000 6000 3600 2000 1286 375 30 32 12 1 33
4 5 6 7 8 20000 13333 10000 5000 27 31 5 1 48
4 8 9 10 11 30000 21333 16800 10909 13 20 32 1 47
4 2 3 4 5 40000 21333 14000 8000 29 30 8 1 70
2 5 6 10000 7500 10 14 25 1 10
6 10 11 12 13 14 15 20000 14545 11667 7692 2857 1333 16 25 8 1 15
6 1 2 3 4 5 6 30000 12000 7000 3000 1200 500 28 28 5 1 53
4 10 11 12 13 40000 29091 23333 15385 23 32 16 2 8 65
1 5 10000 32 36 2 2 49 78
1 10 20000 30 39 0 1 50
4 2 3 4 5 30000 18000 10500 6000 25 26 20 1 40
1 6 40000 37 42 2 3 31 56 80
6 9 10 11 12 13 14 10000 7200 5727 3750 2077 643 31 39 8 2 14 75
4 4 5 6 7 20000 14400 9333 5714 33 36 0 1 38
3 5 6 7 30000 20000 15000 26 30 19 1 63
1 7 40000 20 26 27 1 43
1 4 10000 39 42 0 1 59
6 7 8 9 10 11 12 20000 15750 10889 7000 3818 1167 27 33 17 1 48
4 5 6 7 8 30000 20000 15000 9375 27 31 13 3 52 60 76
4 3 4 5 6 40000 27000 16800 8000 32 34 5 2 53 73
4 6 7 8 9 10000 6857 4500 2667 32 37 2 3 32 49 77
3 4 5 6 20000 14400 8000 28 31 17 1 53
1 10 30000 38 47 2 2 80 92
1 10 40000 40 49 0 2 25 81
2 10 11 10000 8182 22 31 17 1 44
4 2 3 4 5 20000 10667 7000 3200 43 44 2 3 72 83 90
4 10 11 12 13 30000 21818 15000 11538 30 39 0 3 24 33 58
5 4 5 6 7 8 40000 25600 16000 11429 6000 33 36 0 2 26 66
2 1 2 10000 4500 40 40 12 3 27 69 71
1 3 20000 39 41 1 3 10 41 91
3 9 10 11 30000 21600 14727 40 48 0 1 98
1 7 40000 37 43 0 3 54 64 99
1 10 10000 43 52 0 2 88 101
2 4 5 20000 12800 32 35 17 2 6 93
1 6 30000 27 32 27 2 45 87
6 1 2 3 4 5 6 40000 16000 8000 5000 2400 667 45 45 2 3 30 82 97
4 10 11 12 13 10000 8182 5000 3077 20 29 23 1 20
2 8 9 20000 14222 20 27 23 1 43
1 4 30000 53 56 0 3 100 104 108
3 5 6 7 40000 30000 20000 46 50 2 3 67 84 107
5 10 11 12 13 14 10000 8182 5000 3077 1429 37 46 0 3 35 62 85
2 7 8 20000 14000 42 48 8 3 68 86 101
5 6 7 8 9 10 30000 20571 15750 8000 5400 34 39 17 3 8 89 109
2 10 11 40000 29091 50 59 0 3 54 94 95
1 7 10000 51 57 2 3 74 105 111
4 9 10 11 12 20000 14400 9818 6000 57 65 0 3 110 113 114
2 5 6 30000 22500 49 53 0 3 79 96 102
3 2 3 4 40000 21333 14000 60 61 0 3 106 115 116