2000
20000
0.5
0.02
0.1
250000
0.005
120
0
1 6 10000 1 6 18 0
3 2 3 4 20000 12000 7000 1 2 12 0
3 8 9 10 30000 21333 16800 1 8 0 0
1 6 40000 1 6 22 0
2 8 9 10000 8000 9 16 0 1 2
1 2 20000 7 8 26 1 3
6 8 9 10 11 12 13 30000 21333 16800 10909 4000 1846 3 10 12 1 1
3 5 6 7 40000 26667 17143 9 13 59 1 2
1 3 10000 9 11 30 1 5
4 7 8 9 10 20000 15750 9333 7000 17 23 0 1 4
3 10 11 12 30000 24545 17500 11 20 28 1 6
2 5 6 40000 30000 7 11 43 1 3
6 6 7 8 9 10 11 10000 7714 5250 3333 1200 545 7 12 22 1 3
2 10 11 20000 14545 7 16 18 1 0
5 10 11 12 13 14 30000 21818 15000 11538 4286 24 33 0 1 9
2 9 10 40000 28800 11 19 12 1 6
5 2 3 4 5 6 10000 6000 3000 1600 1000 12 13 49 1 8
4 10 11 12 13 20000 16364 10000 7692 34 43 0 1 14
3 4 5 6 30000 19200 14000 17 20 18 2 12 13
1 8 40000 7 14 34 1 0
5 9 10 11 12 13 10000 7200 4909 3750 2077 9 17 26 1 5
2 3 4 20000 13500 7 9 76 1 0
6 4 5 6 7 8 9 30000 21600 14000 8571 4500 1333 44 47 8 1 17
4 7 8 9 10 40000 28000 21778 14000 20 26 29 1 15
2 4 5 10000 6400 48 51 15 1 22
6 5 6 7 8 9 10 20000 13333 10000 6250 2222 1000 21 25 33 1 18
4 10 11 12 13 30000 21818 17500 9231 9 18 44 1 2
2 10 11 40000 32727 9 18 47 1 5
2 7 8 10000 7000 14 20 59 1 7
1 10 20000 21 30 18 1 18
1 4 30000 12 15 33 1 8
2 10 11 40000 29091 18 27 26 1 20
5 1 2 3 4 5 10000 4000 2000 1250 400 24 24 32 1 9
5 2 3 4 5 6 20000 12000 6000 3200 1333 34 35 15 1 14
6 1 2 3 4 5 6 30000 12000 7000 3000 1200 500 16 16 43 1 30
3 6 7 8 40000 30857 18000 12 17 30 1 8
6 7 8 9 10 11 12 10000 7000 5444 3500 1909 583 15 21 34 1 19
3 4 5 6 20000 14400 8000 48 51 8 1 22
4 8 9 10 11 30000 21333 14400 8727 21 28 39 1 10
6 4 5 6 7 8 9 40000 28800 16000 11429 6000 1778 21 24 59 1 28
6 6 7 8 9 10 11 10000 6857 5250 3333 1800 545 12 17 43 1 11
6 8 9 10 11 12 13 20000 14222 9600 7273 4000 1231 48 55 19 1 22
5 5 6 7 8 9 30000 22500 12857 7500 3333 18 22 54 1 40
1 1 40000 18 18 53 1 40
3 8 9 10 10000 7111 4800 11 18 31 1 6
3 1 2 3 20000 9000 4000 44 44 22 2 17 27
5 1 2 3 4 5 30000 12000 6000 3000 1800 21 21 28 1 10
4 1 2 3 4 40000 18000 8000 5000 20 20 12 1 15
6 4 5 6 7 8 9 10000 6400 4000 2857 1000 444 23 26 54 1 42
3 3 4 5 20000 12000 7200 19 21 35 1 44
1 1 30000 26 26 46 2 25 43
4 5 6 7 8 40000 30000 20000 12500 52 56 8 1 37
1 2 10000 36 37 29 1 33
6 1 2 3 4 5 6 20000 8000 4667 2000 800 333 22 22 34 1 36
6 1 2 3 4 5 6 30000 12000 6000 3000 1200 500 18 18 30 1 35
5 6 7 8 9 10 40000 27429 18000 10667 4800 22 27 66 1 36
4 5 6 7 8 10000 6667 4286 2500 19 23 30 1 54
3 5 6 7 20000 13333 10000 44 48 0 1 17
6 1 2 3 4 5 6 30000 13500 7000 3000 1200 500 22 22 28 2 44 46
1 9 40000 28 36 26 2 15 31
6 5 6 7 8 9 10 10000 6667 5000 2500 1667 500 17 21 11 1 4
1 7 20000 27 33 29 1 23
6 7 8 9 10 11 12 30000 21000 14000 10500 3818 1750 23 29 28 1 58
6 10 11 12 13 14 15 40000 32727 20000 15385 5714 2667 31 40 18 2 18 29
1 6 10000 34 39 16 1 14
3 7 8 9 20000 14000 10889 22 28 11 2 47 60
2 6 7 30000 23143 18 23 43 1 40
3 5 6 7 40000 26667 17143 15 19 39 1 19
4 8 9 10 11 10000 8000 5600 2909 18 25 59 1 20
1 3 20000 40 42 16 1 64
1 6 30000 25 30 45 1 32
3 7 8 9 40000 28000 21778 16 22 33 1 30
1 9 10000 29 37 11 1 65
1 9 20000 17 25 50 1 13
3 2 3 4 30000 16000 10500 49 50 0 2 57 72
6 4 5 6 7 8 9 40000 28800 18667 11429 4000 1778 20 23 39 1 67
3 6 7 8 10000 6857 4500 36 41 15 1 33
5 8 9 10 11 12 20000 16000 11200 5818 4000 10 17 76 1 21
4 4 5 6 7 30000 19200 12000 8571 30 33 28 2 20 62
5 9 10 11 12 13 40000 28800 19636 12000 8308 23 31 44 1 71
6 3 4 5 6 7 8 10000 6000 4200 2500 857 375 51 53 0 1 74
4 5 6 7 8 20000 13333 8571 5000 17 21 53 1 13
2 3 4 30000 18000 21 23 52 1 10
3 4 5 6 40000 25600 16000 14 17 49 1 16
6 2 3 4 5 6 7 10000 5333 3500 1600 1000 286 34 35 29 2 61 75
4 1 2 3 4 20000 8000 4667 2000 23 23 33 1 71
6 2 3 4 5 6 7 30000 16000 9000 6000 3000 857 42 43 15 3 49 53 76
5 8 9 10 11 12 40000 28444 22400 11636 5333 32 39 44 3 11 70 79
3 5 6 7 10000 6667 4286 24 28 47 1 85
3 4 5 6 20000 12800 8000 37 40 26 2 26 59
6 8 9 10 11 12 13 30000 24000 14400 8727 6000 1846 25 32 32 2 32 85
3 3 4 5 40000 24000 14400 34 36 42 2 61 88
2 6 7 10000 7714 52 57 15 3 24 64 83
4 2 3 4 5 20000 10667 6000 3200 54 55 6 3 34 80 86
3 10 11 12 30000 21818 15000 34 43 28 2 60 78
3 1 2 3 40000 16000 8000 3 3 77 1 1
3 6 7 8 10000 6857 4500 44 49 15 2 69 86
6 7 8 9 10 11 12 20000 15750 9333 7000 3818 1167 44 50 28 2 71 94
2 9 10 30000 21600 43 51 24 2 69 89
5 6 7 8 9 10 40000 30857 18000 13333 7200 45 50 22 3 45 52 66
5 5 6 7 8 9 10000 6667 4286 2500 1111 54 58 0 2 56 80
4 10 11 12 13 20000 16364 10000 7692 36 45 29 2 84 90
1 7 30000 29 35 39 1 38
2 3 4 40000 24000 52 54 24 2 9 98
6 3 4 5 6 7 8 10000 6750 4200 2000 1286 375 59 61 0 3 25 63 100
6 1 2 3 4 5 6 20000 9000 4000 2000 800 333 54 54 7 2 30 80
3 4 5 6 30000 21600 14000 51 54 28 2 91 97
1 6 40000 58 63 15 3 50 92 99
3 3 4 5 10000 6000 4200 62 64 0 3 93 104 105
1 5 20000 26 30 50 3 73 82 85
2 10 11 30000 24545 65 74 0 3 51 96 108
4 3 4 5 6 40000 27000 14400 10000 31 33 50 3 48 95 109
6 8 9 10 11 12 13 10000 8000 5600 3636 1333 615 75 82 0 3 41 101 110
1 10 20000 40 49 44 3 39 87 111
3 10 11 12 30000 21818 17500 64 73 15 3 98 103 107
5 10 11 12 13 14 40000 29091 20000 15385 5714 36 45 39 2 81 102
3 6 7 8 10000 7714 4500 83 88 0 3 66 106 112
1 7 20000 27 33 60 2 50 95
3 9 10 11 30000 21600 14727 55 63 30 3 68 105 115
5 5 6 7 8 9 40000 26667 20000 12500 4444 89 93 0 3 34 114 116