2000
20000
0.5
0.02
0.1
250000
0.005
120
0
1 6 10000 1 6 0 0
5 2 3 4 5 6 20000 10667 6000 3200 2000 1 2 0 0
6 5 6 7 8 9 10 30000 22500 12857 7500 5000 1500 1 5 18 0
3 7 8 9 40000 28000 21778 1 7 0 0
3 7 8 9 10000 7875 5444 7 13 11 1 0
1 1 20000 3 3 0 1 1
4 9 10 11 12 30000 21600 17182 11250 7 15 3 1 0
3 1 2 3 40000 18000 8000 4 4 0 1 5
6 9 10 11 12 13 14 10000 7200 5727 3000 1385 643 7 15 0 1 0
2 2 3 20000 10667 6 7 18 1 2
4 8 9 10 11 30000 21333 14400 10909 5 12 0 1 7
5 3 4 5 6 7 40000 24000 16800 8000 5143 8 10 15 1 3
1 7 10000 5 11 0 1 7
5 9 10 11 12 13 20000 16200 9818 6000 2769 16 24 0 1 8
2 4 5 30000 19200 3 6 18 1 1
6 3 4 5 6 7 8 40000 24000 16800 10000 3429 1500 14 16 14 1 4
4 10 11 12 13 10000 8182 5000 3077 13 22 0 1 10
4 9 10 11 12 20000 16200 11455 6000 16 24 0 1 8
3 4 5 6 30000 19200 14000 4 7 13 1 5
2 3 4 40000 24000 7 9 18 1 14
2 4 5 10000 6400 8 11 13 1 18
6 1 2 3 4 5 6 20000 9000 4667 2500 1200 333 7 7 28 1 14
4 10 11 12 13 30000 24545 17500 11538 12 21 0 1 12
5 10 11 12 13 14 40000 29091 20000 15385 8571 4 13 30 1 5
4 9 10 11 12 10000 7200 4909 3000 13 21 14 1 10
3 8 9 10 20000 14222 11200 8 15 17 1 3
2 6 7 30000 23143 8 13 0 1 3
1 4 40000 22 25 10 1 22
4 4 5 6 7 10000 7200 4667 2286 25 28 13 1 13
1 8 20000 16 23 15 1 6
1 6 30000 16 21 27 1 8
5 4 5 6 7 8 40000 28800 16000 11429 6000 25 28 7 1 13
1 8 10000 16 23 3 1 6
3 4 5 6 20000 14400 9333 23 26 0 2 16 22
2 10 11 30000 21818 17 26 14 1 15
2 1 2 40000 16000 25 25 0 1 17
1 3 10000 26 28 10 2 21 27
3 4 5 6 20000 12800 8000 14 17 0 1 26
6 4 5 6 7 8 9 30000 21600 14000 8571 3000 1333 29 32 10 1 36
2 1 2 40000 18000 8 8 18 1 18
2 7 8 10000 7875 14 20 13 1 4
3 10 11 12 20000 16364 10000 18 27 0 1 37
4 5 6 7 8 30000 20000 12857 9375 13 17 27 1 10
3 5 6 7 40000 30000 20000 25 29 0 1 13
2 6 7 10000 6857 9 14 18 2 9 39
2 9 10 20000 16200 30 38 10 1 43
4 10 11 12 13 30000 21818 17500 9231 11 20 15 2 9 11
1 8 40000 6 13 31 1 2
2 10 11 10000 8182 12 21 13 1 20
3 8 9 10 20000 16000 11200 3 10 6 1 1
2 7 8 30000 21000 24 30 15 1 29
2 6 7 40000 30857 21 26 13 1 40
1 5 10000 27 31 14 1 34
4 2 3 4 5 20000 10667 7000 3200 16 17 27 1 6
5 9 10 11 12 13 30000 21600 14727 11250 4154 18 26 18 1 37
6 4 5 6 7 8 9 40000 28800 16000 11429 6000 1778 14 17 11 1 4
2 3 4 10000 6750 27 29 13 1 51
1 4 20000 30 33 0 1 43
4 8 9 10 11 30000 21333 14400 8727 25 32 1 1 17
3 2 3 4 40000 21333 14000 21 22 23 2 23 46
6 6 7 8 9 10 11 10000 7714 5250 2667 1200 545 23 28 0 1 16
2 5 6 20000 13333 11 15 21 1 49
2 1 2 30000 12000 27 27 18 3 23 42 54
5 4 5 6 7 8 40000 28800 18667 9143 4000 25 28 17 1 17
2 8 9 10000 8000 11 18 33 2 11 39
5 8 9 10 11 12 20000 16000 11200 5818 2667 22 29 0 1 22
4 8 9 10 11 30000 21333 16800 8727 29 36 7 3 24 31 46
5 8 9 10 11 12 40000 32000 19200 14545 8000 15 22 18 1 44
4 10 11 12 13 10000 7273 5000 3846 26 35 0 1 35
6 10 11 12 13 14 15 20000 14545 10000 7692 2857 1333 22 31 13 1 48
4 6 7 8 9 30000 23143 15750 10000 26 31 1 1 35
4 1 2 3 4 40000 18000 9333 5000 21 21 21 2 40 55
4 9 10 11 12 10000 8100 4909 3000 33 41 1 1 58
4 10 11 12 13 20000 16364 11667 6154 16 25 17 1 25
2 5 6 30000 22500 30 34 2 1 43
6 6 7 8 9 10 11 40000 30857 18000 10667 7200 2182 10 15 18 1 19
6 7 8 9 10 11 12 10000 7875 5444 3500 1909 583 28 34 0 1 41
5 4 5 6 7 8 20000 14400 8000 4571 3000 37 40 7 1 66
2 8 9 30000 21333 35 42 2 2 61 74
4 6 7 8 9 40000 27429 18000 13333 12 17 31 1 12
4 10 11 12 13 10000 7273 5833 3846 11 20 6 1 49
4 10 11 12 13 20000 14545 10000 6154 34 43 0 2 57 75
3 3 4 5 30000 18000 12600 30 32 0 2 32 65
4 5 6 7 8 40000 30000 17143 10000 5 9 36 1 7
3 10 11 12 10000 8182 5000 33 42 2 1 58
1 5 20000 29 33 15 1 36
4 1 2 3 4 30000 13500 6000 3750 32 32 9 2 67 70
4 2 3 4 5 40000 21333 12000 8000 7 8 45 1 14
2 3 4 10000 6750 32 34 13 2 41 69
6 3 4 5 6 7 8 20000 12000 7200 5000 2571 750 27 29 22 3 30 34 79
3 8 9 10 30000 24000 16800 44 51 0 2 15 81
4 8 9 10 11 40000 32000 22400 14545 33 40 0 2 70 82
1 2 10000 42 43 1 3 38 71 72
2 10 11 20000 14545 39 48 10 2 45 85
5 7 8 9 10 11 30000 23625 16333 10500 5727 41 47 0 2 34 91
1 3 40000 29 31 14 2 28 73
4 10 11 12 13 10000 7273 5833 3846 35 44 0 1 76
1 3 20000 41 43 1 3 28 86 91
5 8 9 10 11 12 30000 21333 16800 10909 6000 36 43 0 1 68
4 2 3 4 5 40000 21333 14000 8000 41 42 7 2 48 77
3 8 9 10 10000 7111 4800 30 37 13 1 56
4 3 4 5 6 20000 12000 7200 5000 45 47 0 2 84 96
5 5 6 7 8 9 30000 22500 15000 9375 5000 44 48 1 2 47 97
2 2 3 40000 24000 48 49 0 1 101
5 6 7 8 9 10 10000 7714 5250 2667 1200 48 53 0 3 88 94 97
2 7 8 20000 15750 44 50 0 3 75 82 98
3 4 5 6 30000 21600 14000 34 37 12 3 57 63 95
4 5 6 7 8 40000 30000 20000 12500 31 35 15 2 50 59
4 6 7 8 9 10000 7714 5250 2667 44 49 1 3 53 78 92
5 9 10 11 12 13 20000 14400 11455 6000 4154 52 60 0 3 64 89 90
4 8 9 10 11 30000 24000 14400 10909 32 39 14 3 52 62 83
6 9 10 11 12 13 14 40000 32400 22909 12000 5538 2571 38 46 12 2 73 106
5 8 9 10 11 12 10000 7111 4800 3636 1333 36 43 15 2 57 107
5 5 6 7 8 9 20000 15000 8571 5000 2222 54 58 0 3 87 104 110
4 2 3 4 5 30000 16000 10500 4800 27 28 0 3 32 33 80
3 9 10 11 40000 28800 22909 50 58 0 3 99 102 103
5 2 3 4 5 6 10000 6000 3000 2000 1000 51 52 0 3 100 105 108
1 6 20000 59 64 0 3 93 99 115
2 7 8 30000 21000 29 35 0 3 55 60 114
5 10 11 12 13 14 40000 29091 20000 12308 8571 59 68 0 3 111 112 113