2000
20000
0.5
0.02
0.1
250000
0.005
120
0
1 8 10000 1 8 0 0
1 6 20000 1 6 0 0
2 7 8 30000 21000 1 7 21 0
1 7 40000 1 7 26 0
5 2 3 4 5 6 10000 6000 3000 2000 667 7 8 21 1 1
1 10 20000 7 16 0 1 1
6 2 3 4 5 6 7 30000 18000 10500 4800 2000 857 9 10 0 1 0
4 1 2 3 4 40000 16000 9333 4000 17 17 0 1 5
4 1 2 3 4 10000 4500 2333 1000 17 17 42 1 5
1 6 20000 17 22 0 1 5
4 1 2 3 4 30000 13500 6000 3750 18 18 0 1 7
1 2 40000 7 8 2 1 1
5 4 5 6 7 8 10000 7200 4000 2857 1500 11 14 0 1 6
3 2 3 4 20000 12000 7000 19 20 0 1 10
2 6 7 30000 20571 15 20 0 1 12
3 3 4 5 40000 24000 16800 9 11 2 1 11
6 10 11 12 13 14 15 10000 7273 5833 3846 1429 667 18 27 1 1 7
5 1 2 3 4 5 20000 9000 4000 2500 1200 11 11 18 1 6
5 1 2 3 4 5 30000 13500 7000 3750 1200 21 21 13 1 13
1 3 40000 21 23 41 1 14
3 8 9 10 10000 8000 5600 12 19 2 1 15
5 3 4 5 6 7 20000 13500 8400 4000 2571 12 14 37 1 15
6 5 6 7 8 9 10 30000 22500 15000 9375 3333 1500 12 16 26 1 15
2 1 2 40000 16000 9 9 19 1 11
2 8 9 10000 8000 9 16 18 1 11
2 3 4 20000 12000 20 22 2 1 20
4 1 2 3 4 30000 12000 7000 3000 18 18 42 2 8 12
6 9 10 11 12 13 14 40000 28800 19636 15000 8308 2571 8 16 26 1 3
4 5 6 7 8 10000 6667 5000 3125 10 14 19 1 23
2 1 2 20000 8000 9 9 27 1 0
3 8 9 10 30000 24000 14400 23 30 0 1 9
4 4 5 6 7 40000 28800 18667 9143 15 18 43 1 21
1 7 10000 21 27 0 1 13
1 5 20000 15 19 45 1 21
6 6 7 8 9 10 11 30000 20571 13500 8000 3600 1636 21 26 0 1 14
4 4 5 6 7 40000 25600 18667 9143 28 31 0 1 32
1 3 10000 21 23 8 1 14
1 4 20000 19 22 0 1 10
3 2 3 4 30000 18000 9000 19 20 43 1 31
4 7 8 9 10 40000 31500 21778 14000 17 23 28 1 22
2 2 3 10000 5333 21 22 9 1 13
6 1 2 3 4 5 6 20000 8000 4667 2500 800 333 22 22 13 1 18
4 8 9 10 11 30000 21333 16800 10909 28 35 2 2 17 32
6 8 9 10 11 12 13 40000 32000 22400 14545 5333 2462 23 30 3 1 25
6 4 5 6 7 8 9 10000 6400 4667 2286 1500 444 28 31 32 1 32
5 4 5 6 7 8 20000 12800 8000 4571 3000 27 30 0 1 34
3 9 10 11 30000 24300 14727 18 26 25 1 7
1 5 40000 8 12 21 1 2
3 1 2 3 10000 4000 2333 27 27 25 2 18 46
4 7 8 9 10 20000 14000 9333 5600 23 29 0 1 37
2 2 3 30000 18000 23 24 9 1 40
3 6 7 8 40000 27429 21000 24 29 8 1 36
4 6 7 8 9 10000 7714 4500 2667 32 37 0 1 35
3 9 10 11 20000 14400 9818 31 39 3 1 43
3 9 10 11 30000 24300 14727 23 31 2 1 25
1 3 40000 32 34 8 1 35
2 9 10 10000 8100 15 23 0 1 12
5 9 10 11 12 13 20000 14400 11455 7500 4154 23 31 13 1 41
6 2 3 4 5 6 7 30000 18000 10500 6000 2000 857 15 16 28 1 28
6 1 2 3 4 5 6 40000 16000 8000 4000 2400 667 30 30 8 1 51
3 6 7 8 10000 6857 4500 27 32 0 1 34
4 4 5 6 7 20000 14400 8000 5714 28 31 1 1 16
6 2 3 4 5 6 7 30000 16000 10500 4800 2000 857 32 33 2 2 28 54
3 7 8 9 40000 31500 21778 24 30 0 1 56
2 4 5 10000 7200 19 22 20 1 10
6 3 4 5 6 7 8 20000 13500 8400 4000 2571 750 17 19 22 1 24
4 8 9 10 11 30000 21333 14400 8727 31 38 7 1 63
5 1 2 3 4 5 40000 16000 8000 5000 2400 19 19 42 1 26
4 3 4 5 6 10000 6750 4200 2000 17 19 26 1 22
1 2 20000 40 41 3 2 53 55
2 9 10 30000 21600 20 28 26 1 68
4 1 2 3 4 40000 16000 9333 5000 20 20 22 1 65
4 7 8 9 10 10000 7875 5444 3500 23 29 39 2 40 67
5 1 2 3 4 5 20000 9000 4667 2000 1200 11 11 33 1 6
1 3 30000 34 36 2 1 62
3 2 3 4 40000 24000 12000 31 32 0 1 45
4 5 6 7 8 10000 6667 4286 3125 21 25 43 1 38
4 6 7 8 9 20000 15429 9000 5333 37 42 2 2 51 74
3 4 5 6 30000 19200 12000 8 11 36 1 3
2 10 11 40000 32727 31 40 0 1 30
3 6 7 8 10000 6857 5250 33 38 0 3 25 60 61
4 1 2 3 4 20000 8000 4667 2000 33 33 0 1 75
1 10 30000 33 42 22 2 23 75
2 4 5 40000 25600 41 44 0 1 79
5 10 11 12 13 14 10000 8182 5833 3077 1429 23 32 6 1 37
1 3 20000 34 36 3 2 29 62
1 5 30000 24 28 28 2 21 39
4 1 2 3 4 40000 16000 9333 5000 20 20 27 1 68
6 10 11 12 13 14 15 10000 7273 5000 3846 1429 667 17 26 18 1 24
6 5 6 7 8 9 10 20000 13333 8571 5000 2222 1000 21 25 27 2 78 87
1 7 30000 31 37 24 1 59
5 9 10 11 12 13 40000 28800 19636 15000 5538 31 39 0 1 63
5 9 10 11 12 13 10000 8100 5727 3000 1385 34 42 0 3 47 50 81
2 8 9 20000 14222 45 52 0 3 73 77 83
5 2 3 4 5 6 30000 16000 10500 4800 3000 43 44 0 2 64 92
1 1 40000 35 35 18 1 55
5 7 8 9 10 11 10000 7000 5444 2800 1273 38 44 0 2 42 52
1 6 20000 39 44 0 3 59 80 84
3 1 2 3 30000 12000 7000 45 45 0 3 69 81 94
4 10 11 12 13 40000 29091 20000 15385 45 54 14 2 49 94
3 4 5 6 10000 7200 4667 43 46 22 3 19 33 82
2 9 10 20000 16200 46 54 0 2 66 98
2 8 9 30000 24000 43 50 0 3 27 71 92
1 10 40000 45 54 0 3 57 58 96
6 9 10 11 12 13 14 10000 8100 4909 3000 2077 643 45 53 0 2 88 97
3 3 4 5 20000 12000 7200 31 33 36 1 59
1 4 30000 45 48 12 3 86 91 97
1 3 40000 40 42 0 2 85 91
3 7 8 9 10000 7000 4667 55 61 7 3 65 90 101
2 10 11 20000 14545 54 63 0 3 75 95 104
6 10 11 12 13 14 15 30000 21818 17500 11538 4286 2000 55 64 0 3 46 101 103
5 9 10 11 12 13 40000 32400 19636 12000 5538 46 54 9 3 70 95 98
6 4 5 6 7 8 9 10000 6400 4000 2857 1500 444 65 68 0 3 22 73 110
1 1 20000 55 55 14 3 76 99 100
6 8 9 10 11 12 13 30000 24000 14400 10909 4000 1846 53 60 0 3 48 89 93
3 10 11 12 40000 29091 23333 30 39 0 2 4 49
6 1 2 3 4 5 6 10000 4500 2000 1000 400 167 69 69 0 3 72 108 112
3 6 7 8 20000 15429 10500 61 66 0 3 70 106 114
3 1 2 3 30000 12000 6000 70 70 0 3 105 113 116
6 5 6 7 8 9 10 40000 30000 17143 10000 6667 2000 64 68 0 3 44 109 111