2000
20000
0.5
0.02
0.1
250000
0.005
120
0
1 6 10000 1 6 14 0
4 4 5 6 7 20000 14400 8000 4571 1 4 0 0
3 2 3 4 30000 18000 9000 1 2 9 0
5 2 3 4 5 6 40000 21333 14000 6400 2667 1 2 29 0
3 3 4 5 10000 6750 4200 5 7 0 1 1
1 10 20000 5 14 0 1 1
3 2 3 4 30000 18000 10500 8 9 6 1 4
6 7 8 9 10 11 12 40000 31500 21778 14000 7636 2333 3 9 19 1 2
3 4 5 6 10000 6400 4000 3 6 23 1 2
4 6 7 8 9 20000 15429 9000 6667 5 10 43 1 1
2 4 5 30000 21600 15 18 0 1 5
4 7 8 9 10 40000 28000 18667 11200 7 13 14 1 0
2 4 5 10000 6400 3 6 9 1 2
5 10 11 12 13 14 20000 14545 10000 6154 4286 19 28 0 1 10
3 9 10 11 30000 24300 14727 10 18 6 1 6
2 1 2 40000 16000 10 10 19 1 7
5 9 10 11 12 13 10000 7200 4909 3000 2077 19 27 0 1 10
2 10 11 20000 16364 11 20 43 1 9
5 5 6 7 8 9 30000 22500 15000 9375 3333 11 15 32 2 8 15
1 9 40000 19 27 19 1 10
1 8 10000 8 15 0 1 4
6 3 4 5 6 7 8 20000 13500 8400 4000 1714 750 29 31 0 1 13
5 3 4 5 6 7 30000 20250 12600 6000 3857 10 12 41 1 6
3 7 8 9 40000 28000 18667 11 17 19 1 15
1 8 10000 13 20 41 2 3 22
4 10 11 12 13 20000 16364 10000 6154 3 12 29 1 3
4 9 10 11 12 30000 24300 17182 11250 32 40 0 1 21
3 5 6 7 40000 26667 17143 19 23 6 1 14
6 2 3 4 5 6 7 10000 5333 3500 2000 667 286 32 33 7 1 21
1 10 20000 29 38 0 1 13
4 6 7 8 9 30000 20571 15750 8000 24 29 6 1 27
1 9 40000 7 15 9 1 12
6 10 11 12 13 14 15 10000 7273 5833 3846 2143 667 28 37 0 2 11 16
4 6 7 8 9 20000 15429 9000 5333 7 12 23 1 12
4 9 10 11 12 30000 24300 17182 9000 32 40 21 1 21
3 10 11 12 40000 32727 20000 16 25 47 1 31
5 9 10 11 12 13 10000 8100 5727 3000 1385 41 49 0 2 26 28
5 2 3 4 5 6 20000 10667 7000 4000 2000 8 9 42 1 4
5 8 9 10 11 12 30000 24000 14400 8727 6000 29 36 23 1 13
1 2 40000 10 11 70 1 37
6 2 3 4 5 6 7 10000 5333 3000 2000 1000 286 16 17 44 1 31
5 2 3 4 5 6 20000 12000 7000 4000 1333 34 35 24 1 28
2 8 9 30000 21333 41 48 21 2 30 34
4 2 3 4 5 40000 24000 12000 6400 14 15 35 1 11
3 2 3 4 10000 5333 3000 16 17 9 1 31
1 1 20000 28 28 19 1 19
6 2 3 4 5 6 7 30000 16000 10500 4800 3000 857 50 51 0 1 36
4 7 8 9 10 40000 28000 21778 11200 30 36 6 2 30 33
1 5 10000 36 40 24 1 41
1 7 20000 37 43 7 1 47
5 2 3 4 5 6 30000 18000 9000 6000 3000 11 12 43 1 15
1 9 40000 37 45 6 1 47
5 9 10 11 12 13 10000 7200 4909 3000 1385 7 15 23 1 8
2 1 2 20000 9000 46 46 6 2 37 51
1 10 30000 38 47 0 1 32
1 10 40000 16 25 0 1 20
5 8 9 10 11 12 10000 7111 5600 3636 1333 18 25 9 1 44
1 9 20000 29 37 19 2 18 45
1 3 30000 48 50 0 2 7 54
3 4 5 6 40000 25600 16000 10 13 42 1 6
4 2 3 4 5 10000 6000 3500 2000 28 29 21 1 16
4 7 8 9 10 20000 15750 10889 7000 47 53 6 1 53
4 10 11 12 13 30000 21818 15000 11538 13 22 43 1 50
3 2 3 4 40000 21333 12000 13 14 39 1 33
6 5 6 7 8 9 10 10000 7500 5000 3125 1111 500 7 11 68 1 0
6 5 6 7 8 9 10 20000 15000 8571 6250 3333 1000 7 11 44 1 12
1 3 30000 44 46 7 2 49 60
6 2 3 4 5 6 7 40000 24000 14000 6400 4000 1143 14 15 42 1 59
4 6 7 8 9 10000 6857 5250 3333 28 33 19 1 19
4 3 4 5 6 20000 12000 7200 4000 18 20 22 1 44
4 7 8 9 10 30000 21000 14000 10500 51 57 0 3 8 43 58
2 6 7 40000 27429 50 55 0 1 36
4 1 2 3 4 10000 4000 2333 1250 28 28 6 1 16
4 7 8 9 10 20000 14000 9333 7000 54 60 6 2 38 61
3 5 6 7 30000 22500 12857 18 22 44 2 0 40
4 4 5 6 7 40000 25600 16000 9143 16 19 38 1 18
1 5 10000 36 40 26 3 20 24 41
4 6 7 8 9 20000 13714 9000 5333 52 57 0 2 11 46
5 10 11 12 13 14 30000 24545 15000 9231 6429 56 65 0 2 65 71
4 1 2 3 4 40000 18000 9333 5000 38 38 19 1 57
6 9 10 11 12 13 14 10000 7200 4909 3750 2077 643 21 29 22 1 69
1 1 20000 58 58 0 1 77
4 8 9 10 11 30000 21333 14400 10909 21 28 43 1 17
3 6 7 8 40000 30857 21000 58 63 0 1 70
3 9 10 11 10000 8100 5727 18 26 41 1 23
5 2 3 4 5 6 20000 12000 6000 3200 1333 58 59 0 2 70 75
5 7 8 9 10 11 30000 23625 14000 10500 5727 29 35 6 2 56 72
5 3 4 5 6 7 40000 24000 14400 8000 5143 16 18 23 1 52
6 7 8 9 10 11 12 10000 7000 5444 3500 1273 583 66 72 0 1 78
2 10 11 20000 14545 36 45 6 2 25 86
4 1 2 3 4 30000 12000 7000 3750 49 49 21 3 42 49 72
3 5 6 7 40000 30000 17143 27 31 41 1 84
3 5 6 7 10000 7500 4286 47 51 7 2 63 66
3 3 4 5 20000 12000 8400 56 58 0 1 71
1 1 30000 50 50 5 2 36 68
4 3 4 5 6 40000 27000 14400 8000 39 41 0 1 29
3 5 6 7 10000 6667 5000 16 20 51 1 20
3 5 6 7 20000 13333 8571 44 48 9 3 49 68 72
2 10 11 30000 21818 51 60 5 2 3 94
4 6 7 8 9 40000 30857 21000 13333 73 78 0 3 35 88 91
5 5 6 7 8 9 10000 6667 4286 3125 1667 18 22 19 1 23
1 8 20000 46 53 6 2 80 89
4 10 11 12 13 30000 24545 15000 9231 49 58 9 3 54 79 97
4 10 11 12 13 40000 29091 20000 15385 16 25 42 1 67
1 6 10000 60 65 0 3 53 85 101
4 2 3 4 5 20000 10667 7000 4000 28 29 52 2 19 64
1 2 30000 42 43 0 3 87 95 100
4 2 3 4 5 40000 24000 14000 8000 64 65 0 1 83
4 10 11 12 13 10000 7273 5000 3077 66 75 0 2 62 104
4 1 2 3 4 20000 8000 4000 2500 41 41 24 2 7 48
4 3 4 5 6 30000 20250 12600 7500 79 81 0 2 59 99
6 4 5 6 7 8 9 40000 28800 18667 9143 6000 1778 61 64 6 3 73 74 76
2 5 6 10000 7500 76 80 0 3 57 77 108
1 9 20000 29 37 43 2 82 96
5 3 4 5 6 7 30000 20250 12600 6000 2571 59 61 9 3 71 102 103
5 1 2 3 4 5 40000 16000 8000 5000 1600 82 82 0 3 39 105 110
2 10 11 10000 7273 65 74 6 3 90 111 114
2 3 4 20000 13500 59 61 0 3 81 92 93
4 8 9 10 11 30000 21333 16800 10909 66 73 0 3 98 107 109
3 9 10 11 40000 32400 22909 81 89 0 3 112 113 116