2000
20000
0.5
0.02
0.1
250000
0.005
120
0
1 8 10000 1 8 2 0
5 6 7 8 9 10 20000 15429 10500 6667 2400 1 6 0 0
1 1 30000 1 1 0 0
3 5 6 7 40000 26667 20000 1 5 14 0
1 5 10000 2 6 20 1 2
6 7 8 9 10 11 12 20000 14000 9333 7000 2545 1167 7 13 14 1 1
1 3 30000 7 9 0 1 1
4 4 5 6 7 40000 28800 16000 9143 9 12 11 1 0
6 1 2 3 4 5 6 10000 4000 2333 1000 400 167 9 9 2 1 0
1 4 20000 7 10 10 1 1
1 10 30000 2 11 0 1 2
5 8 9 10 11 12 40000 28444 22400 14545 8000 10 17 0 1 6
3 6 7 8 10000 6857 5250 11 16 10 1 9
3 4 5 6 20000 14400 9333 2 5 14 1 2
2 9 10 30000 21600 12 20 7 1 10
4 5 6 7 8 40000 26667 17143 10000 10 14 2 1 8
2 6 7 10000 6857 6 11 15 1 3
3 1 2 3 20000 9000 4667 15 15 2 1 15
3 3 4 5 30000 20250 10800 21 23 7 2 0 14
3 1 2 3 40000 18000 9333 10 10 16 1 8
3 3 4 5 10000 6750 4200 13 15 11 1 7
4 6 7 8 9 20000 13714 9000 5333 6 11 39 1 13
3 6 7 8 30000 23143 15750 12 17 0 1 10
2 2 3 40000 21333 6 7 14 1 3
2 2 3 10000 5333 11 12 12 1 9
1 8 20000 18 25 0 1 11
4 2 3 4 5 30000 16000 9000 4800 18 19 0 2 17 22
1 1 40000 18 18 16 1 11
6 3 4 5 6 7 8 10000 6000 4200 2500 1286 375 16 18 6 1 17
3 2 3 4 20000 10667 6000 12 13 44 1 10
5 10 11 12 13 14 30000 21818 17500 11538 6429 7 16 29 1 4
1 4 40000 12 15 26 1 16
1 2 10000 19 20 6 1 28
4 9 10 11 12 20000 16200 9818 6000 10 18 54 1 8
5 5 6 7 8 9 30000 20000 12857 9375 5000 8 12 14 1 23
1 1 40000 26 26 0 1 25
5 1 2 3 4 5 10000 4000 2000 1250 600 6 6 24 1 13
2 2 3 20000 10667 27 28 0 2 20 35
1 4 30000 21 24 6 3 4 12 32
5 4 5 6 7 8 40000 28800 18667 11429 6000 13 16 12 1 24
1 10 10000 10 19 19 1 6
4 6 7 8 9 20000 13714 10500 5333 20 25 0 2 6 26
2 6 7 30000 20571 24 29 7 1 18
3 8 9 10 40000 28444 22400 14 21 44 1 29
2 3 4 10000 6000 24 26 29 2 18 28
2 7 8 20000 15750 11 17 20 1 19
1 9 30000 13 21 14 1 34
1 6 40000 6 11 14 1 13
6 5 6 7 8 9 10 10000 6667 5000 3125 1111 500 16 20 26 1 31
1 6 20000 7 12 22 1 4
6 2 3 4 5 6 7 30000 16000 10500 6000 3000 857 16 17 28 2 20 34
2 7 8 40000 28000 20 26 19 1 40
4 8 9 10 11 10000 7111 4800 2909 14 21 43 1 5
4 4 5 6 7 20000 12800 9333 4571 7 10 24 1 36
3 8 9 10 30000 24000 16800 12 19 15 2 16 19
4 7 8 9 10 40000 31500 21778 14000 27 33 46 2 33 44
5 7 8 9 10 11 10000 7875 5444 2800 1273 20 26 39 1 40
4 1 2 3 4 20000 8000 4667 2000 22 22 14 2 11 46
2 5 6 30000 22500 13 17 22 2 49 53
4 10 11 12 13 40000 29091 20000 15385 17 26 12 2 16 39
3 7 8 9 10000 7000 4667 25 31 6 1 38
1 7 20000 13 19 20 1 24
3 9 10 11 30000 21600 14727 30 38 7 1 42
3 6 7 8 40000 27429 18000 27 32 32 1 35
4 4 5 6 7 10000 7200 4667 2857 39 42 7 3 27 30 62
1 8 20000 27 34 20 2 15 35
6 7 8 9 10 11 12 30000 21000 14000 10500 5727 1750 43 49 7 1 64
1 7 40000 18 24 30 1 50
3 4 5 6 10000 6400 4667 39 42 17 3 17 44 62
1 8 20000 14 21 14 1 5
3 9 10 11 30000 21600 17182 13 21 29 1 34
3 3 4 5 40000 24000 14400 27 29 19 2 47 51
5 9 10 11 12 13 10000 8100 4909 3000 1385 26 34 0 2 15 41
1 9 20000 29 37 0 2 24 37
6 6 7 8 9 10 11 30000 23143 15750 8000 3600 1636 29 34 28 1 37
1 9 40000 12 20 14 1 47
4 9 10 11 12 10000 7200 5727 3750 18 26 51 1 50
5 6 7 8 9 10 20000 13714 10500 5333 2400 16 21 28 2 7 31
5 6 7 8 9 10 30000 20571 13500 10000 3600 30 35 19 2 59 71
1 4 40000 35 38 0 3 27 72 75
6 5 6 7 8 9 10 10000 7500 5000 2500 1667 500 21 25 9 1 32
4 9 10 11 12 20000 16200 9818 6000 22 30 14 1 69
2 1 2 30000 13500 39 39 26 3 21 59 62
4 2 3 4 5 40000 24000 12000 8000 26 27 9 3 49 54 80
1 6 10000 39 44 0 3 12 59 79
1 3 20000 28 30 9 3 18 57 83
2 8 9 30000 24000 38 45 0 3 45 60 73
2 10 11 40000 29091 40 49 26 2 58 82
2 4 5 10000 6400 22 25 29 3 3 21 70
6 9 10 11 12 13 14 20000 16200 11455 7500 2769 1286 45 53 12 2 84 85
3 2 3 4 30000 16000 9000 38 39 15 1 73
4 8 9 10 11 40000 28444 22400 11636 54 61 12 3 52 70 89
6 10 11 12 13 14 15 10000 8182 5000 3846 1429 667 46 55 0 3 36 81 86
5 3 4 5 6 7 20000 12000 7200 5000 2571 50 52 7 3 66 77 86
6 7 8 9 10 11 12 30000 23625 14000 10500 3818 1750 45 51 0 3 40 81 84
2 6 7 40000 30857 22 27 24 2 50 69
1 10 10000 31 40 9 3 58 61 85
2 8 9 20000 16000 26 33 21 2 48 80
6 3 4 5 6 7 8 30000 18000 10800 7500 2571 1125 56 58 0 3 47 64 92
4 4 5 6 7 40000 28800 18667 11429 34 37 21 3 30 67 97
4 9 10 11 12 10000 8100 5727 3750 41 49 9 3 72 77 96
3 9 10 11 20000 16200 11455 22 30 35 3 12 46 77
2 10 11 30000 21818 40 49 15 3 41 88 90
1 7 40000 59 65 0 3 98 99 100
3 2 3 4 10000 6000 3500 31 32 19 3 48 58 85
5 3 4 5 6 7 20000 13500 7200 4000 1714 50 52 15 3 52 63 102
5 8 9 10 11 12 30000 21333 16800 10909 4000 66 73 0 3 43 89 103
4 10 11 12 13 40000 32727 20000 15385 66 75 0 3 98 101 103
2 3 4 10000 6000 53 55 7 3 68 93 96
1 6 20000 74 79 0 3 75 91 106
3 6 7 8 30000 23143 13500 56 61 12 3 96 105 108
1 3 40000 52 54 0 3 94 95 104
3 8 9 10 10000 7111 5600 66 73 0 3 56 86 103
6 8 9 10 11 12 13 20000 14222 11200 5818 2667 1231 55 62 0 3 65 78 111
3 5 6 7 30000 20000 15000 27 31 51 3 45 53 76
3 9 10 11 40000 28800 19636 63 71 0 3 74 108 113
4 3 4 5 6 10000 6000 3600 2000 80 82 0 3 55 76 109
5 2 3 4 5 6 20000 10667 7000 3200 2000 76 77 0 3 87 101 107
3 10 11 12 30000 21818 17500 74 83 0 3 21 110 112
3 5 6 7 40000 26667 20000 83 87 0 3 72 114 116