2000
20000
0.5
0.02
0.1
250000
0.005
120
0
1 2 10000 1 2 24 0
5 4 5 6 7 8 20000 14400 8000 4571 3000 1 4 0 0
3 5 6 7 30000 20000 12857 1 5 3 0
4 2 3 4 5 40000 24000 12000 6400 1 2 8 0
4 4 5 6 7 10000 7200 4000 2857 5 8 17 1 1
5 2 3 4 5 6 20000 12000 6000 3200 1333 5 6 38 1 1
2 8 9 30000 21333 5 12 0 1 1
5 5 6 7 8 9 40000 26667 17143 10000 6667 9 13 26 1 4
2 5 6 10000 7500 13 17 37 1 6
6 6 7 8 9 10 11 20000 13714 9000 5333 2400 1091 9 14 22 1 4
6 5 6 7 8 9 10 30000 20000 15000 9375 5000 1500 6 10 6 1 2
2 1 2 40000 18000 15 15 22 1 9
3 10 11 12 10000 8182 5000 3 12 24 1 0
5 8 9 10 11 12 20000 16000 9600 5818 2667 3 10 8 1 3
6 6 7 8 9 10 11 30000 20571 15750 8000 5400 1636 3 8 24 1 0
4 1 2 3 4 40000 16000 8000 5000 7 7 38 1 5
4 5 6 7 8 10000 6667 5000 3125 11 15 6 1 10
4 4 5 6 7 20000 12800 9333 4571 9 12 17 1 4
5 10 11 12 13 14 30000 24545 15000 9231 6429 11 20 9 1 13
4 7 8 9 10 40000 31500 18667 14000 6 12 20 1 2
4 9 10 11 12 10000 7200 4909 3750 21 29 9 1 18
1 10 20000 9 18 31 1 14
3 7 8 9 30000 21000 14000 13 19 0 1 6
5 10 11 12 13 14 40000 29091 23333 15385 5714 6 15 3 1 2
1 4 10000 3 6 46 1 0
3 6 7 8 20000 13714 9000 16 21 26 1 16
4 6 7 8 9 30000 20571 13500 10000 11 16 19 1 13
4 6 7 8 9 40000 30857 18000 13333 13 18 24 1 12
4 5 6 7 8 10000 7500 5000 3125 11 15 8 1 13
3 5 6 7 20000 13333 10000 13 17 8 1 6
3 8 9 10 30000 24000 16800 16 23 8 1 28
3 4 5 6 40000 28800 16000 13 16 23 1 19
4 10 11 12 13 10000 7273 5833 3077 16 25 8 1 16
2 4 5 20000 12800 18 21 34 1 29
6 8 9 10 11 12 13 30000 21333 14400 10909 4000 1846 18 25 37 1 8
3 6 7 8 40000 30857 18000 16 21 3 1 23
5 3 4 5 6 7 10000 6750 3600 2500 1286 16 18 6 1 16
3 9 10 11 20000 14400 9818 22 30 44 1 25
2 6 7 30000 20571 13 18 17 1 17
4 2 3 4 5 40000 21333 12000 6400 17 18 29 2 15 31
1 4 10000 18 21 11 1 29
6 5 6 7 8 9 10 20000 13333 10000 6250 2222 1000 20 24 0 1 22
2 10 11 30000 21818 17 26 23 2 7 31
2 4 5 40000 28800 24 27 8 1 30
2 10 11 10000 7273 3 12 60 1 3
3 10 11 12 20000 16364 11667 22 31 8 1 35
2 9 10 30000 24300 27 35 32 1 42
3 1 2 3 40000 18000 8000 19 19 13 1 36
2 4 5 10000 7200 13 16 29 1 17
6 5 6 7 8 9 10 20000 15000 10000 5000 2222 1000 20 24 13 1 47
6 2 3 4 5 6 7 30000 18000 10500 4800 2000 857 26 27 47 2 32 44
1 5 40000 25 29 10 2 23 41
3 7 8 9 10000 7000 5444 30 36 9 1 20
2 10 11 20000 14545 22 31 34 3 24 33 38
2 4 5 30000 21600 31 34 44 2 37 38
2 4 5 40000 25600 28 31 8 3 26 28 43
2 3 4 10000 6000 20 22 12 1 22
2 7 8 20000 15750 17 23 29 1 48
4 2 3 4 5 30000 18000 10500 6000 32 33 34 1 53
2 9 10 40000 32400 30 38 20 2 19 20
4 6 7 8 9 10000 6857 5250 2667 32 37 8 2 45 51
5 5 6 7 8 9 20000 13333 8571 5000 3333 16 20 33 2 23 28
6 3 4 5 6 7 8 30000 18000 12600 6000 3857 1125 18 20 8 1 29
3 9 10 11 40000 28800 19636 27 35 23 1 42
2 4 5 10000 7200 3 6 46 1 3
4 7 8 9 10 20000 15750 10889 7000 19 25 17 1 38
4 7 8 9 10 30000 21000 14000 8400 22 28 18 1 35
6 2 3 4 5 6 7 40000 24000 12000 6400 2667 1143 22 23 11 2 19 40
3 2 3 4 10000 6000 3000 38 39 8 2 52 60
2 5 6 20000 15000 21 25 8 1 62
3 10 11 12 30000 24545 17500 26 35 17 2 27 65
6 9 10 11 12 13 14 40000 28800 19636 15000 8308 2571 25 33 0 3 35 36 41
6 10 11 12 13 14 15 10000 8182 5833 3077 2143 667 23 32 16 2 11 56
2 7 8 20000 14000 34 40 0 3 32 69 71
1 10 30000 7 16 54 1 5
3 7 8 9 40000 31500 18667 21 27 12 2 14 18
5 3 4 5 6 7 10000 6750 4200 2000 857 16 18 32 1 11
4 8 9 10 11 20000 16000 11200 5818 24 31 11 2 56 67
4 10 11 12 13 30000 24545 17500 9231 40 49 18 1 68
2 3 4 40000 27000 29 31 22 3 5 66 76
2 1 2 10000 4500 32 32 8 2 55 75
6 5 6 7 8 9 10 20000 15000 8571 6250 2222 1000 21 25 37 1 62
5 5 6 7 8 9 30000 22500 12857 7500 5000 40 44 13 3 39 49 68
1 6 40000 32 37 20 2 7 45
5 5 6 7 8 9 10000 7500 5000 3125 1111 25 29 13 2 11 49
6 4 5 6 7 8 9 20000 12800 8000 4571 2000 889 41 44 0 3 47 73 80
3 7 8 9 30000 23625 14000 45 51 26 3 20 74 82
3 6 7 8 40000 27429 18000 32 37 11 3 14 77 84
5 3 4 5 6 7 10000 6750 4200 2500 1286 20 22 33 2 22 26
5 1 2 3 4 5 20000 8000 4000 2500 800 29 29 18 2 66 67
6 1 2 3 4 5 6 30000 13500 7000 3000 1200 500 38 38 11 3 49 72 87
2 10 11 40000 29091 24 33 29 3 24 30 64
6 5 6 7 8 9 10 10000 7500 4286 2500 1667 500 45 49 8 3 57 70 85
5 10 11 12 13 14 20000 16364 11667 7692 4286 30 39 28 3 7 75 84
6 3 4 5 6 7 8 30000 18000 12600 7500 3857 1125 45 47 0 2 62 85
1 4 40000 39 42 11 2 21 90
6 8 9 10 11 12 13 10000 7111 4800 3636 2000 615 40 47 8 3 68 80 89
6 8 9 10 11 12 13 20000 14222 11200 7273 2667 1231 48 55 0 3 25 39 94
5 6 7 8 9 10 30000 23143 15750 8000 5400 48 53 3 3 76 87 94
6 6 7 8 9 10 11 40000 27429 21000 10667 4800 2182 39 44 20 3 59 63 83
4 2 3 4 5 10000 5333 3000 1600 56 57 0 3 88 96 97
6 10 11 12 13 14 15 20000 14545 10000 6154 4286 1333 40 49 28 3 10 32 93
6 5 6 7 8 9 10 30000 20000 12857 9375 5000 1500 58 62 0 3 12 92 100
5 3 4 5 6 7 40000 27000 16800 10000 3429 45 47 13 3 57 82 83
2 8 9 10000 7111 63 70 0 3 34 75 102
3 7 8 9 20000 14000 10889 43 49 11 3 61 79 95
2 8 9 30000 24000 54 61 3 3 76 80 98
6 3 4 5 6 7 8 40000 27000 16800 8000 5143 1500 52 54 26 3 69 86 101
5 7 8 9 10 11 10000 7000 4667 3500 1909 50 56 11 3 85 103 105
3 2 3 4 20000 10667 6000 38 39 25 3 81 83 91
1 3 30000 36 38 32 3 34 46 58
3 3 4 5 40000 27000 14400 62 64 3 3 31 95 106
1 5 10000 50 54 15 3 45 92 99
3 2 3 4 20000 12000 6000 65 66 3 3 78 108 111
1 9 30000 48 56 17 3 84 103 109
5 4 5 6 7 8 40000 28800 18667 11429 6000 71 74 0 3 104 109 110
4 4 5 6 7 10000 7200 4667 2857 67 70 3 3 55 112 113
2 2 3 20000 12000 35 36 44 3 40 44 54
2 7 8 30000 23625 71 77 3 3 88 114 116
2 6 7 40000 27429 75 80 0 3 50 65 115