2000
20000
0.5
0.02
0.1
250000
0.005
120
0
1 10 10000 1 10 2 0
1 10 20000 1 10 2 0
1 1 30000 1 1 0 0
3 3 4 5 40000 24000 14400 1 3 8 0
2 3 4 10000 6750 11 13 2 1 0
6 2 3 4 5 6 7 20000 10667 7000 3200 2000 571 11 12 14 1 1
5 2 3 4 5 6 30000 16000 10500 4800 3000 2 3 4 1 2
3 9 10 11 40000 28800 19636 2 10 0 1 2
2 1 2 10000 4500 13 13 14 1 5
6 8 9 10 11 12 13 20000 16000 9600 5818 2667 1231 4 11 4 1 6
6 2 3 4 5 6 7 30000 16000 9000 6000 2000 857 11 12 4 1 7
1 3 40000 14 16 18 1 4
1 8 10000 4 11 25 1 6
2 6 7 20000 13714 4 9 45 1 6
3 4 5 6 30000 21600 12000 12 15 4 1 9
3 8 9 10 40000 32000 22400 11 18 10 1 0
2 9 10 10000 7200 14 22 2 1 4
3 8 9 10 20000 14222 9600 13 20 4 1 10
5 6 7 8 9 10 30000 23143 13500 8000 5400 13 18 23 1 5
1 10 40000 11 20 16 1 1
6 3 4 5 6 7 8 10000 6750 3600 2500 1286 375 12 14 34 1 12
3 6 7 8 20000 13714 10500 21 26 4 1 17
6 5 6 7 8 9 10 30000 20000 12857 9375 3333 1500 11 15 22 1 0
2 8 9 40000 32000 4 11 8 1 3
2 6 7 10000 7714 11 16 0 1 7
6 5 6 7 8 9 10 20000 15000 10000 6250 3333 1000 12 16 39 1 23
2 7 8 30000 23625 27 33 4 1 21
6 5 6 7 8 9 10 40000 30000 20000 12500 6667 2000 11 15 59 1 7
2 5 6 10000 6667 13 17 33 1 10
1 9 20000 17 25 0 1 24
2 1 2 30000 12000 17 17 7 1 24
2 10 11 40000 29091 12 21 25 1 12
1 9 10000 12 20 25 1 12
6 8 9 10 11 12 13 20000 14222 11200 7273 2667 1231 19 26 10 1 15
1 9 30000 13 21 30 1 10
4 1 2 3 4 40000 18000 8000 5000 16 16 8 1 14
3 10 11 12 10000 8182 5833 26 35 0 1 29
1 1 20000 22 22 30 1 34
5 10 11 12 13 14 30000 21818 17500 11538 6429 27 36 8 1 21
2 10 11 40000 29091 16 25 4 1 14
4 5 6 7 8 10000 7500 4286 3125 37 41 8 2 29 38
3 1 2 3 20000 9000 4000 36 36 0 2 11 36
3 5 6 7 30000 20000 15000 21 25 40 1 19
3 4 5 6 40000 25600 18667 34 37 4 3 22 23 26
1 6 10000 27 32 10 1 33
2 8 9 20000 16000 17 24 8 1 35
4 5 6 7 8 30000 22500 15000 7500 14 18 14 1 8
3 5 6 7 40000 30000 17143 12 16 8 1 23
5 9 10 11 12 13 10000 8100 5727 3750 1385 11 19 2 1 1
1 5 20000 16 20 20 1 14
4 3 4 5 6 30000 18000 10800 7500 14 16 31 1 8
4 1 2 3 4 40000 18000 8000 5000 19 19 21 1 46
6 1 2 3 4 5 6 10000 4000 2333 1000 400 167 37 37 16 1 38
5 6 7 8 9 10 20000 13714 9000 6667 2400 25 30 8 2 15 45
1 8 30000 19 26 14 1 46
4 2 3 4 5 40000 24000 14000 6400 26 27 4 1 39
5 6 7 8 9 10 10000 7714 4500 2667 1200 23 28 2 3 16 30 47
3 6 7 8 20000 15429 9000 17 22 21 1 24
6 10 11 12 13 14 15 30000 24545 17500 9231 6429 2000 14 23 18 1 8
2 7 8 40000 31500 28 34 4 1 55
4 10 11 12 13 10000 7273 5000 3846 2 11 27 1 2
5 9 10 11 12 13 20000 16200 11455 6000 4154 20 28 2 2 4 48
2 8 9 30000 21333 36 43 11 2 36 47
4 6 7 8 9 40000 30857 21000 10667 17 22 34 1 50
5 10 11 12 13 14 10000 7273 5833 3846 1429 37 46 8 1 41
1 3 20000 21 23 23 1 17
3 2 3 4 30000 18000 10500 12 13 33 1 9
3 2 3 4 40000 24000 14000 27 28 28 3 31 35 54
4 5 6 7 8 10000 6667 4286 2500 36 40 8 2 22 36
1 4 20000 24 27 18 3 5 18 58
1 7 30000 17 23 18 1 11
3 2 3 4 40000 21333 14000 21 22 16 1 19
5 9 10 11 12 13 10000 8100 5727 3750 1385 18 26 39 2 13 30
5 5 6 7 8 9 20000 15000 8571 5000 2222 38 42 18 3 22 43 71
4 4 5 6 7 30000 21600 12000 6857 26 29 7 1 29
6 2 3 4 5 6 7 40000 24000 14000 6400 4000 1143 31 32 16 2 31 53
2 8 9 10000 8000 38 45 12 2 43 66
6 4 5 6 7 8 9 20000 12800 9333 4571 3000 889 35 38 4 3 15 59 60
4 4 5 6 7 30000 19200 12000 8571 37 40 0 3 41 56 74
3 2 3 4 40000 24000 12000 30 31 42 3 60 70 74
3 9 10 11 10000 7200 5727 23 31 21 2 11 57
3 7 8 9 20000 14000 9333 24 30 26 1 70
4 7 8 9 10 30000 23625 14000 10500 28 34 20 3 50 57 69
1 10 40000 29 38 12 3 51 54 61
1 9 10000 41 49 0 2 26 78
1 1 20000 33 33 23 2 9 75
5 9 10 11 12 13 30000 21600 14727 9000 6231 38 46 4 3 18 43 70
3 4 5 6 40000 28800 18667 32 35 21 3 37 69 80
2 4 5 10000 7200 44 47 11 3 62 66 82
5 10 11 12 13 14 20000 14545 11667 6154 2857 24 33 33 2 58 63
4 5 6 7 8 30000 22500 15000 9375 38 42 16 3 47 52 74
3 10 11 12 40000 29091 20000 42 51 8 1 40
5 3 4 5 6 7 10000 6000 3600 2000 1286 39 41 4 3 30 44 77
2 2 3 20000 10667 35 36 4 3 53 59 71
1 10 30000 29 38 2 2 56 61
1 10 40000 37 46 9 2 38 69
5 9 10 11 12 13 10000 7200 4909 3750 1385 39 47 2 3 49 93 94
2 6 7 20000 13714 27 32 39 3 28 42 72
3 2 3 4 30000 16000 10500 48 49 8 3 25 95 96
3 1 2 3 40000 16000 8000 52 52 16 3 26 87 91
4 7 8 9 10 10000 7000 5444 2800 42 48 4 3 32 39 92
3 6 7 8 20000 13714 9000 47 52 4 3 28 83 86
6 4 5 6 7 8 9 30000 19200 12000 8571 3000 1333 41 44 8 3 20 68 75
6 5 6 7 8 9 10 40000 26667 17143 10000 6667 2000 47 51 8 3 13 64 94
5 2 3 4 5 6 10000 6000 3000 1600 667 36 37 21 3 67 85 87
1 5 20000 50 54 22 3 63 84 97
5 9 10 11 12 13 30000 24300 17182 11250 4154 52 60 8 3 21 50 91
6 3 4 5 6 7 8 40000 24000 14400 8000 3429 1500 53 55 4 3 19 81 101
6 6 7 8 9 10 11 10000 6857 4500 2667 1800 545 39 44 8 3 65 66 77
3 8 9 10 20000 16000 11200 50 57 0 3 84 93 96
2 8 9 30000 24000 49 56 4 3 100 102 108
2 8 9 40000 32000 61 68 8 3 91 99 106
5 1 2 3 4 5 10000 4500 2000 1250 600 58 58 16 3 63 79 109
6 8 9 10 11 12 13 20000 16000 9600 5818 2667 1231 48 55 11 3 88 90 104
3 3 4 5 30000 18000 10800 58 60 0 3 76 98 109
2 9 10 40000 28800 56 64 4 3 90 103 107
6 6 7 8 9 10 11 10000 7714 5250 2667 1200 545 61 66 0 3 73 110 114
5 2 3 4 5 6 20000 12000 7000 4000 2000 59 60 16 3 27 46 112
1 8 30000 65 72 4 3 102 108 115
5 10 11 12 13 14 40000 29091 20000 15385 8571 67 76 0 3 89 113 116