2000
20000
0.5
0.02
0.1
250000
0.005
120
0
1 6 10000 1 6 21 0
1 10 20000 1 10 0 0
5 1 2 3 4 5 30000 12000 6000 3750 1200 1 1 16 0
5 3 4 5 6 7 40000 27000 16800 10000 3429 1 3 12 0
2 6 7 10000 7714 2 7 16 1 2
6 6 7 8 9 10 11 20000 15429 9000 6667 3600 1091 2 7 22 1 2
1 5 30000 4 8 12 1 3
2 2 3 40000 21333 4 5 36 1 3
6 3 4 5 6 7 8 10000 6750 4200 2500 1286 375 8 10 22 1 5
6 1 2 3 4 5 6 20000 9000 4667 2500 1200 333 11 11 16 1 1
4 8 9 10 11 30000 24000 16800 8727 11 18 0 1 1
4 5 6 7 8 40000 30000 17143 12500 2 6 19 1 2
4 7 8 9 10 10000 7000 4667 2800 7 13 22 1 0
5 4 5 6 7 8 20000 14400 9333 5714 2000 7 10 19 1 11
2 5 6 30000 20000 12 16 16 1 9
4 7 8 9 10 40000 31500 18667 14000 7 13 24 1 0
3 4 5 6 10000 7200 4667 9 12 12 1 6
2 9 10 20000 16200 12 20 33 2 5 9
4 3 4 5 6 30000 20250 12600 6000 19 21 0 1 10
6 8 9 10 11 12 13 40000 32000 22400 14545 8000 2462 11 18 22 1 8
2 3 4 10000 6750 8 10 16 1 4
1 9 20000 19 27 2 1 10
1 6 30000 22 27 0 1 18
4 3 4 5 6 40000 24000 14400 8000 19 21 14 1 10
1 5 10000 19 23 59 1 19
2 8 9 20000 16000 8 15 29 1 4
4 5 6 7 8 30000 20000 12857 9375 22 26 3 2 16 18
1 2 40000 7 8 21 1 0
1 3 10000 28 30 20 1 22
6 3 4 5 6 7 8 20000 12000 7200 5000 1714 750 8 10 24 1 4
3 5 6 7 30000 20000 15000 9 13 21 1 27
1 7 40000 7 13 24 1 11
4 5 6 7 8 10000 7500 5000 3125 28 32 2 1 21
4 5 6 7 8 20000 15000 10000 5000 28 32 0 1 22
5 9 10 11 12 13 30000 24300 14727 9000 6231 12 20 35 2 9 29
2 2 3 40000 21333 33 34 0 2 14 33
1 8 10000 28 35 0 1 22
2 2 3 20000 10667 11 12 19 1 13
2 2 3 30000 16000 6 7 36 1 7
2 10 11 40000 32727 28 37 5 1 21
1 5 10000 14 18 24 2 15 27
5 4 5 6 7 8 20000 14400 8000 4571 2000 16 19 49 1 25
1 7 30000 36 42 0 3 12 23 36
3 4 5 6 40000 25600 18667 35 38 0 2 29 35
4 9 10 11 12 10000 8100 4909 3000 27 35 3 1 26
1 9 20000 33 41 2 2 30 32
2 9 10 30000 21600 11 19 16 1 20
5 5 6 7 8 9 40000 26667 20000 10000 6667 22 26 33 1 23
2 5 6 10000 6667 27 31 46 1 26
6 7 8 9 10 11 12 20000 15750 10889 7000 3818 1167 13 19 19 1 37
1 3 30000 6 8 61 1 7
4 10 11 12 13 40000 32727 23333 12308 33 42 5 2 3 32
5 10 11 12 13 14 10000 7273 5000 3077 1429 36 45 3 2 14 44
3 2 3 4 20000 12000 6000 42 43 2 1 45
6 8 9 10 11 12 13 30000 24000 16800 10909 4000 1846 36 43 0 2 36 46
1 1 40000 43 43 0 2 1 42
6 5 6 7 8 9 10 10000 6667 4286 3125 1111 500 7 11 84 1 11
6 6 7 8 9 10 11 20000 13714 9000 5333 2400 1091 20 25 25 1 49
6 1 2 3 4 5 6 30000 13500 6000 3750 1200 500 14 14 24 1 31
3 7 8 9 40000 28000 18667 43 49 10 1 42
5 8 9 10 11 12 10000 7111 5600 2909 1333 26 33 25 1 57
6 9 10 11 12 13 14 20000 16200 9818 6000 2769 1286 44 52 6 2 6 53
6 5 6 7 8 9 10 30000 20000 12857 7500 5000 1500 19 23 22 1 19
4 10 11 12 13 40000 29091 23333 15385 46 55 3 1 52
4 8 9 10 11 10000 8000 5600 2909 8 15 40 1 38
4 2 3 4 5 20000 12000 6000 4000 16 17 29 1 25
1 10 30000 39 48 0 3 43 49 58
6 7 8 9 10 11 12 40000 31500 21778 11200 7636 2333 9 15 49 1 27
2 3 4 10000 6750 6 8 44 1 7
2 4 5 20000 14400 56 59 3 3 26 61 63
3 1 2 3 30000 12000 7000 39 39 9 1 43
4 2 3 4 5 40000 21333 14000 8000 44 45 2 3 18 53 62
2 2 3 10000 5333 44 45 16 2 47 55
2 5 6 20000 13333 38 42 5 2 39 40
5 3 4 5 6 7 30000 18000 10800 6000 3857 43 45 32 1 42
4 9 10 11 12 40000 28800 22909 12000 15 23 25 1 58
5 5 6 7 8 9 10000 6667 5000 2500 1667 26 30 26 2 19 57
1 9 20000 44 52 0 2 38 55
6 6 7 8 9 10 11 30000 23143 13500 8000 5400 1636 44 49 0 1 54
4 6 7 8 9 40000 30857 18000 10667 44 49 3 3 23 55 65
4 10 11 12 13 10000 7273 5833 3846 28 37 73 1 21
1 1 20000 49 49 18 3 64 66 71
2 2 3 30000 16000 53 54 22 2 62 77
5 5 6 7 8 9 40000 30000 20000 10000 4444 56 60 9 3 63 66 67
2 4 5 10000 6400 49 52 0 2 43 66
2 6 7 20000 13714 53 58 0 2 39 77
3 2 3 4 30000 16000 10500 46 47 2 3 51 71 73
3 10 11 12 40000 29091 20000 59 68 0 3 60 84 85
1 5 10000 21 25 33 1 17
3 9 10 11 20000 14400 9818 69 77 0 3 40 79 87
1 2 30000 40 41 9 3 29 70 75
6 3 4 5 6 7 8 40000 27000 16800 8000 3429 1500 53 55 0 3 68 79 84
1 1 10000 50 50 0 3 62 78 86
4 5 6 7 8 20000 13333 8571 5000 33 37 24 3 14 32 76
2 3 4 30000 20250 69 71 0 3 41 84 87
6 8 9 10 11 12 13 40000 32000 22400 11636 8000 2462 60 67 3 3 25 69 79
3 3 4 5 10000 6000 3600 56 58 0 3 34 64 91
4 2 3 4 5 20000 10667 6000 4000 50 51 10 2 47 59
6 5 6 7 8 9 10 30000 20000 12857 7500 3333 1500 78 82 0 3 48 74 89
6 4 5 6 7 8 9 40000 28800 16000 11429 4000 1778 59 62 5 2 73 96
6 7 8 9 10 11 12 10000 7875 4667 3500 1273 583 46 52 16 2 72 93
1 6 20000 83 88 0 3 20 24 98
1 9 30000 63 71 5 3 73 81 99
5 2 3 4 5 6 40000 21333 12000 6400 2667 53 54 16 3 88 90 100
5 5 6 7 8 9 10000 7500 5000 2500 1667 61 65 9 3 50 51 83
5 7 8 9 10 11 20000 14000 10889 7000 3818 89 95 0 3 70 100 101
5 2 3 4 5 6 30000 18000 9000 6000 2000 66 67 9 3 78 86 104
2 8 9 40000 32000 96 103 0 2 56 105
2 3 4 10000 6750 59 61 0 3 20 88 96
2 7 8 20000 14000 104 110 0 3 54 89 107
2 1 2 30000 13500 46 46 25 3 6 40 71
2 1 2 40000 18000 55 55 22 3 82 90 97
4 7 8 9 10 10000 7000 4667 3500 62 68 0 3 77 97 108
3 1 2 3 20000 9000 4000 72 72 5 3 82 102 106
1 9 30000 69 77 0 3 64 75 112
4 1 2 3 4 40000 18000 9333 5000 68 68 3 3 95 103 108
5 2 3 4 5 6 10000 5333 3000 2000 1000 78 79 0 3 111 113 114
4 6 7 8 9 20000 13714 10500 6667 111 116 0 3 80 87 109
6 7 8 9 10 11 12 30000 21000 14000 8400 5727 1750 72 78 0 3 94 110 115
2 1 2 40000 18000 51 51 0 3 28 90 92