2000
20000
0.5
0.02
0.1
250000
0.005
120
0
1 8 10000 1 8 46 0
3 9 10 11 20000 14400 9818 1 9 0 0
1 10 30000 1 10 0 0
4 1 2 3 4 40000 16000 9333 5000 1 1 59 0
4 8 9 10 11 10000 8000 4800 2909 11 18 28 1 2
1 8 20000 11 18 0 1 2
4 6 7 8 9 30000 23143 15750 8000 10 15 43 1 1
4 8 9 10 11 40000 28444 22400 14545 19 26 28 1 4
3 3 4 5 10000 6000 4200 9 11 46 1 0
3 1 2 3 20000 9000 4667 16 16 43 1 6
5 7 8 9 10 11 30000 23625 14000 10500 3818 10 16 22 1 1
4 6 7 8 9 40000 27429 18000 13333 2 7 59 1 3
1 8 10000 11 18 53 1 2
2 8 9 20000 14222 10 17 0 1 1
2 9 10 30000 21600 19 27 0 1 5
3 8 9 10 40000 32000 22400 17 24 22 1 10
1 5 10000 28 32 0 1 14
6 6 7 8 9 10 11 20000 13714 9000 5333 2400 1091 19 24 35 1 5
5 5 6 7 8 9 30000 20000 15000 9375 5000 18 22 22 1 13
3 2 3 4 40000 21333 12000 33 34 0 1 16
2 10 11 10000 7273 9 18 65 1 0
5 9 10 11 12 13 20000 14400 11455 6000 2769 33 41 25 1 16
4 9 10 11 12 30000 21600 14727 9000 25 33 22 2 4 15
3 9 10 11 40000 28800 19636 18 26 0 1 13
2 2 3 10000 5333 35 36 0 1 19
4 4 5 6 7 20000 14400 9333 5714 19 22 65 2 3 20
1 8 30000 18 25 18 1 13
2 8 9 40000 28444 28 35 8 1 14
4 8 9 10 11 10000 7111 4800 2909 25 32 35 2 6 17
3 10 11 12 20000 16364 10000 27 36 0 1 23
4 7 8 9 10 30000 23625 14000 10500 23 29 22 1 18
2 3 4 40000 24000 28 30 57 1 14
2 9 10 10000 7200 37 45 0 2 24 29
6 9 10 11 12 13 14 20000 14400 11455 6000 4154 1286 35 43 7 1 19
3 3 4 5 30000 20250 12600 34 36 27 1 22
6 10 11 12 13 14 15 40000 29091 23333 12308 5714 2667 27 36 28 1 7
3 8 9 10 10000 8000 4800 36 43 8 2 26 27
3 6 7 8 20000 15429 9000 33 38 10 1 16
2 7 8 30000 23625 44 50 7 1 33
3 9 10 11 40000 32400 19636 19 27 30 1 5
2 8 9 10000 8000 23 30 27 1 18
2 8 9 20000 14222 27 34 30 1 23
4 5 6 7 8 30000 20000 12857 7500 44 48 8 1 36
3 3 4 5 40000 24000 16800 44 46 24 1 33
1 4 10000 19 22 53 1 12
3 2 3 4 20000 12000 6000 2 3 66 1 3
1 6 30000 27 32 33 2 7 9
5 3 4 5 6 7 40000 24000 16800 8000 3429 46 48 0 1 32
6 5 6 7 8 9 10 10000 7500 5000 3125 1667 500 46 50 7 1 32
4 10 11 12 13 20000 16364 11667 7692 49 58 0 2 37 47
3 2 3 4 30000 16000 10500 34 35 22 1 22
6 1 2 3 4 5 6 40000 18000 8000 4000 2400 667 37 37 27 1 34
6 4 5 6 7 8 9 10000 6400 4667 2857 1000 444 47 50 29 1 43
6 3 4 5 6 7 8 20000 12000 7200 5000 1714 750 42 44 28 1 21
1 2 30000 36 37 22 1 50
2 1 2 40000 16000 59 59 0 1 49
3 6 7 8 10000 6857 5250 37 42 42 1 29
6 3 4 5 6 7 8 20000 12000 7200 4000 2571 750 49 51 8 1 42
1 3 30000 44 46 23 1 36
3 5 6 7 40000 30000 20000 60 64 0 2 17 55
4 1 2 3 4 10000 4000 2333 1000 19 19 68 1 4
2 6 7 20000 15429 30 35 22 1 30
3 5 6 7 30000 22500 15000 36 40 47 2 45 50
2 8 9 40000 32000 46 53 4 1 32
1 2 10000 47 48 23 1 58
5 7 8 9 10 11 20000 14000 10889 5600 3818 60 66 5 2 7 55
2 1 2 30000 13500 25 25 62 1 17
4 1 2 3 4 40000 18000 8000 5000 47 47 26 2 39 58
6 4 5 6 7 8 9 10000 6400 4667 2857 1000 444 51 54 7 2 8 38
3 2 3 4 20000 12000 6000 52 53 8 2 54 57
5 8 9 10 11 12 30000 24000 16800 8727 6000 54 61 4 3 39 61 63
4 9 10 11 12 40000 28800 22909 12000 42 50 25 2 11 21
3 10 11 12 10000 7273 5833 62 71 4 2 0 70
6 3 4 5 6 7 8 20000 12000 7200 4000 2571 750 62 64 15 1 70
6 6 7 8 9 10 11 30000 23143 13500 10000 5400 1636 72 77 4 3 41 53 72
1 1 40000 51 51 7 3 24 40 48
5 3 4 5 6 7 10000 6750 4200 2000 857 28 30 34 1 39
5 6 7 8 9 10 20000 15429 9000 6667 3600 52 57 24 2 44 75
2 9 10 30000 24300 55 63 7 2 68 69
3 8 9 10 40000 32000 22400 36 43 23 1 61
5 1 2 3 4 5 10000 4500 2333 1000 600 39 39 55 2 10 37
3 10 11 12 20000 14545 10000 37 46 28 3 35 41 76
5 4 5 6 7 8 30000 21600 14000 6857 4500 31 34 46 2 12 76
4 10 11 12 13 40000 29091 23333 15385 52 61 20 3 40 57 64
1 5 10000 47 51 24 2 8 43
1 1 20000 62 62 12 3 67 68 70
1 1 30000 65 65 23 3 25 31 59
2 2 3 40000 24000 67 68 6 3 10 53 65
2 7 8 10000 7000 52 58 7 2 19 75
1 6 20000 65 70 0 3 42 51 59
3 9 10 11 30000 24300 14727 62 70 20 2 77 83
5 1 2 3 4 5 40000 18000 9333 4000 2400 59 59 7 3 46 48 88
5 1 2 3 4 5 10000 4500 2000 1000 600 71 71 0 2 78 89
4 3 4 5 6 20000 13500 7200 5000 49 51 23 2 22 47
1 8 30000 72 79 0 3 41 78 92
6 5 6 7 8 9 10 40000 26667 17143 12500 4444 2000 67 71 5 3 9 50 65
1 10 10000 54 63 30 2 69 93
1 4 20000 72 75 4 3 71 84 92
2 1 2 30000 13500 60 60 7 3 24 79 91
3 5 6 7 40000 30000 17143 43 47 42 3 37 46 56
3 4 5 6 10000 6400 4000 72 75 19 3 8 90 95
1 3 20000 61 63 7 3 28 68 98
2 9 10 30000 24300 49 57 32 3 35 42 44
1 9 40000 65 73 15 3 18 52 73
1 5 10000 65 69 5 3 30 45 59
1 2 20000 63 64 12 3 81 85 93
2 2 3 30000 18000 49 50 39 3 62 64 66
4 4 5 6 7 40000 25600 16000 11429 72 75 5 3 89 95 105
6 7 8 9 10 11 12 10000 7000 4667 2800 1909 583 70 76 5 3 65 87 104
5 8 9 10 11 12 20000 16000 9600 7273 4000 80 87 0 3 94 95 97
1 10 30000 64 73 7 3 79 88 101
2 1 2 40000 16000 77 77 12 3 86 103 108
2 5 6 10000 7500 74 78 16 3 26 34 103
1 6 20000 76 81 5 3 82 107 110
5 5 6 7 8 9 30000 22500 12857 9375 5000 78 82 4 3 74 104 108
6 4 5 6 7 8 9 40000 25600 16000 9143 4000 1778 78 81 12 3 86 106 111
3 2 3 4 10000 5333 3500 88 89 0 3 60 76 109
2 1 2 20000 8000 82 82 12 3 34 96 115
4 5 6 7 8 30000 22500 12857 9375 90 94 0 3 99 102 116
5 8 9 10 11 12 40000 32000 22400 14545 5333 83 90 4 3 15 113 114