2000
20000
0.5
0.02
0.1
250000
0.005
120
0
1 3 10000 1 3 1 0
5 3 4 5 6 7 20000 12000 7200 4000 1714 1 3 0 0
1 8 30000 1 8 0 0
2 5 6 40000 30000 1 5 20 0
2 8 9 10000 8000 9 16 24 1 2
6 9 10 11 12 13 14 20000 14400 11455 7500 4154 1286 4 12 7 1 0
1 3 30000 4 6 1 1 0
2 4 5 40000 25600 4 7 0 1 1
4 4 5 6 7 10000 7200 4000 2857 9 12 0 1 2
3 6 7 8 20000 13714 9000 4 9 26 1 0
1 4 30000 13 16 0 1 8
3 4 5 6 40000 28800 16000 9 12 41 1 2
6 6 7 8 9 10 11 10000 6857 5250 3333 1200 545 17 22 0 1 10
5 2 3 4 5 6 20000 12000 6000 4000 1333 10 11 26 1 9
5 10 11 12 13 14 30000 24545 17500 9231 6429 8 17 0 1 7
4 3 4 5 6 40000 24000 16800 10000 13 15 7 1 5
5 9 10 11 12 13 10000 7200 5727 3750 2077 12 20 29 1 13
1 7 20000 23 29 0 1 12
5 6 7 8 9 10 30000 23143 15750 8000 3600 7 12 1 1 6
6 5 6 7 8 9 10 40000 30000 17143 10000 6667 2000 7 11 29 1 6
3 9 10 11 10000 8100 4909 12 20 26 1 13
6 7 8 9 10 11 12 20000 14000 10889 7000 3818 1167 16 22 7 1 15
1 8 30000 8 15 25 1 7
1 4 40000 10 13 44 1 9
5 2 3 4 5 6 10000 6000 3000 1600 667 18 19 0 1 14
2 5 6 20000 13333 16 20 25 1 22
3 2 3 4 30000 16000 9000 13 14 21 1 8
1 2 40000 16 17 10 1 15
3 3 4 5 10000 6750 3600 12 14 29 1 19
2 10 11 20000 16364 23 32 0 1 12
1 4 30000 17 20 29 1 10
3 5 6 7 40000 30000 20000 13 17 25 1 5
4 9 10 11 12 10000 7200 4909 3000 20 28 17 1 24
3 3 4 5 20000 12000 8400 8 10 32 1 7
1 9 30000 23 31 16 1 21
2 10 11 40000 29091 6 15 20 1 3
3 4 5 6 10000 7200 4000 4 7 25 1 1
3 9 10 11 20000 16200 9818 13 21 21 1 5
4 3 4 5 6 30000 20250 12600 6000 18 20 25 1 31
4 5 6 7 8 40000 30000 20000 10000 13 17 1 1 18
4 8 9 10 11 10000 8000 5600 3636 21 28 25 1 38
6 6 7 8 9 10 11 20000 13714 10500 5333 2400 1091 23 28 7 1 21
4 5 6 7 8 30000 20000 15000 7500 22 26 27 1 37
2 8 9 40000 28444 20 27 0 1 24
4 1 2 3 4 10000 4500 2333 1250 21 21 29 3 6 16 30
2 8 9 20000 14222 18 25 10 1 27
1 4 30000 33 36 0 1 29
6 3 4 5 6 7 8 40000 27000 14400 8000 3429 1500 28 30 19 1 43
6 7 8 9 10 11 12 10000 7875 5444 3500 1273 583 8 14 25 1 36
2 1 2 20000 9000 32 32 16 1 34
4 3 4 5 6 30000 20250 12600 7500 32 34 30 1 34
3 8 9 10 40000 32000 19200 18 25 31 1 27
3 8 9 10 10000 8000 5600 28 35 0 1 43
5 1 2 3 4 5 20000 9000 4667 2000 1200 27 27 27 1 42
2 3 4 30000 18000 12 14 28 1 13
5 9 10 11 12 13 40000 32400 22909 12000 8308 21 29 27 1 25
3 6 7 8 10000 7714 4500 26 31 24 1 45
3 3 4 5 20000 12000 7200 26 28 15 1 45
3 9 10 11 30000 21600 14727 36 44 0 2 26 52
6 1 2 3 4 5 6 40000 16000 8000 4000 2400 667 27 27 34 1 42
6 1 2 3 4 5 6 10000 4500 2000 1250 600 167 29 29 7 2 35 41
5 4 5 6 7 8 20000 14400 8000 5714 3000 33 36 16 1 49
4 7 8 9 10 30000 21000 16333 8400 30 36 0 1 17
6 9 10 11 12 13 14 40000 32400 19636 15000 5538 2571 18 26 27 1 39
1 10 10000 6 15 37 1 3
3 5 6 7 20000 13333 10000 37 41 0 1 46
6 7 8 9 10 11 12 30000 23625 16333 10500 5727 1750 29 35 17 1 32
1 7 40000 42 48 0 1 65
1 4 10000 36 39 17 2 24 66
4 7 8 9 10 20000 15750 10889 5600 18 24 1 1 39
1 3 30000 11 13 32 1 33
4 8 9 10 11 40000 32000 22400 11636 22 29 21 1 37
2 4 5 10000 7200 18 21 23 1 39
5 6 7 8 9 10 20000 13714 9000 5333 3600 37 42 3 2 48 62
1 2 30000 32 33 24 1 56
4 8 9 10 11 40000 32000 22400 14545 26 33 10 1 45
6 7 8 9 10 11 12 10000 7000 4667 2800 1273 583 37 43 0 1 62
2 1 2 20000 9000 45 45 0 2 58 72
3 3 4 5 30000 18000 10800 15 17 28 1 54
5 5 6 7 8 9 40000 26667 20000 10000 6667 44 48 0 3 57 75 76
1 6 10000 31 36 19 2 15 47
2 4 5 20000 12800 15 18 29 1 28
2 9 10 30000 24300 46 54 0 3 70 77 78
6 4 5 6 7 8 9 40000 25600 18667 11429 6000 1778 45 48 8 3 58 61 64
1 9 10000 30 38 7 1 60
3 3 4 5 20000 12000 7200 17 19 28 1 10
5 1 2 3 4 5 30000 13500 6000 3000 1800 49 49 8 2 73 83
2 1 2 40000 16000 37 37 19 1 80
2 1 2 10000 4000 37 37 10 2 20 62
2 7 8 20000 15750 35 41 30 2 50 56
2 2 3 30000 18000 55 56 0 1 82
2 5 6 40000 26667 49 53 0 2 79 85
3 1 2 3 10000 4000 2333 14 14 44 1 23
4 8 9 10 11 20000 14222 11200 5818 49 56 0 1 67
2 8 9 30000 24000 39 46 7 3 25 78 84
1 5 40000 54 58 0 2 11 91
3 6 7 8 10000 6857 4500 25 30 1 1 69
4 7 8 9 10 20000 15750 10889 5600 28 34 27 2 48 53
1 9 30000 31 39 1 1 96
3 2 3 4 40000 24000 12000 43 44 3 2 69 73
5 3 4 5 6 7 10000 6000 4200 2000 857 29 31 25 1 40
6 6 7 8 9 10 11 20000 13714 9000 6667 3600 1091 34 39 24 3 19 54 74
3 10 11 12 30000 21818 17500 40 49 1 3 4 35 98
5 10 11 12 13 14 40000 32727 23333 12308 8571 45 54 3 3 81 96 99
4 10 11 12 13 10000 7273 5833 3077 38 47 10 3 72 85 88
3 7 8 9 20000 15750 9333 57 63 0 3 31 68 93
4 6 7 8 9 30000 23143 15750 10000 50 55 1 3 44 71 102
5 6 7 8 9 10 40000 27429 18000 10667 4800 59 64 0 2 34 95
4 10 11 12 13 10000 7273 5000 3846 54 63 8 3 59 91 97
4 7 8 9 10 20000 15750 10889 7000 65 71 0 3 29 106 107
3 1 2 3 30000 12000 6000 38 38 19 3 19 55 87
4 2 3 4 5 40000 21333 14000 8000 56 57 1 2 26 106
1 6 10000 55 60 3 2 31 103
6 5 6 7 8 9 10 20000 13333 8571 6250 2222 1000 47 51 7 3 1 63 94
1 4 30000 64 67 0 3 101 105 112
3 10 11 12 40000 32727 20000 50 59 8 3 86 104 110
2 9 10 10000 7200 58 66 1 3 92 111 113
5 6 7 8 9 10 20000 13714 9000 5333 3600 72 77 0 3 89 108 109
6 7 8 9 10 11 12 30000 21000 16333 10500 3818 1750 68 74 0 3 114 115 116
2 2 3 40000 24000 57 58 0 3 51 90 100