2000
20000
0.5
0.02
0.1
250000
0.005
120
0
1 5 10000 1 5 8 0
3 2 3 4 20000 10667 7000 1 2 11 0
2 4 5 30000 19200 1 4 0 0
2 10 11 40000 32727 1 10 0 0
3 3 4 5 10000 6000 4200 5 7 4 1 2
6 6 7 8 9 10 11 20000 13714 10500 5333 3600 1091 6 11 8 1 0
1 1 30000 11 11 0 1 3
2 9 10 40000 32400 11 19 21 2 1 3
2 5 6 10000 7500 3 7 11 1 1
5 7 8 9 10 11 20000 14000 10889 7000 3818 8 14 4 1 4
1 3 30000 6 8 22 1 0
1 6 40000 12 17 0 1 6
4 8 9 10 11 10000 8000 5600 3636 8 15 11 1 8
5 7 8 9 10 11 20000 15750 9333 7000 2545 15 21 4 1 9
3 4 5 6 30000 21600 14000 12 15 15 1 6
4 1 2 3 4 40000 16000 8000 4000 11 11 13 1 3
6 5 6 7 8 9 10 10000 7500 5000 3125 1111 500 5 9 0 1 2
4 8 9 10 11 20000 16000 11200 5818 8 15 4 1 4
1 10 30000 12 21 8 1 5
6 2 3 4 5 6 7 40000 21333 12000 8000 4000 1143 5 6 19 1 2
4 7 8 9 10 10000 7000 5444 2800 9 15 22 1 10
3 6 7 8 20000 15429 10500 7 12 19 1 19
2 3 4 30000 20250 22 24 36 3 10 17 18
3 3 4 5 40000 24000 14400 18 20 0 1 11
4 1 2 3 4 10000 4500 2333 1250 22 22 8 2 13 18
6 7 8 9 10 11 12 20000 14000 10889 7000 2545 1167 21 27 0 1 23
3 2 3 4 30000 18000 9000 22 23 4 1 13
3 8 9 10 40000 32000 22400 10 17 0 1 16
2 4 5 10000 7200 21 24 44 1 23
2 9 10 20000 16200 18 26 0 1 27
1 1 30000 16 16 15 1 14
3 6 7 8 40000 30857 18000 27 32 0 2 12 29
5 7 8 9 10 11 10000 7000 4667 3500 1909 16 22 4 1 17
5 4 5 6 7 8 20000 14400 9333 5714 2000 7 10 36 1 19
4 6 7 8 9 30000 23143 15750 8000 23 28 11 1 24
5 8 9 10 11 12 40000 28444 22400 11636 8000 33 40 7 1 31
6 5 6 7 8 9 10 10000 6667 5000 2500 1111 500 29 33 35 2 29 34
1 4 20000 18 21 3 1 27
5 5 6 7 8 9 30000 20000 12857 7500 3333 28 32 0 2 25 26
5 3 4 5 6 7 40000 24000 16800 10000 5143 33 35 6 1 31
5 1 2 3 4 5 10000 4500 2333 1000 400 3 3 29 1 1
4 3 4 5 6 20000 12000 8400 4000 8 10 12 1 8
2 8 9 30000 21333 28 35 23 1 25
5 5 6 7 8 9 40000 30000 17143 12500 4444 21 25 12 1 23
3 5 6 7 10000 6667 4286 22 26 32 1 37
6 9 10 11 12 13 14 20000 16200 11455 6000 2769 1286 18 26 0 1 27
3 5 6 7 30000 22500 12857 17 21 30 2 30 33
3 2 3 4 40000 21333 12000 22 23 23 1 37
6 2 3 4 5 6 7 10000 5333 3500 2000 1000 286 24 25 38 1 26
1 5 20000 23 27 4 2 13 32
3 2 3 4 30000 16000 9000 20 21 29 2 7 41
4 2 3 4 5 40000 24000 12000 6400 26 27 12 2 12 43
3 9 10 11 10000 7200 4909 16 24 37 1 14
4 10 11 12 13 20000 14545 10000 6154 22 31 3 2 15 37
5 1 2 3 4 5 30000 12000 6000 3000 1800 16 16 22 1 20
2 7 8 40000 28000 12 18 26 1 15
5 5 6 7 8 9 10000 6667 4286 2500 1667 18 22 43 1 11
2 10 11 20000 16364 11 20 12 1 41
6 3 4 5 6 7 8 30000 18000 10800 6000 2571 1125 27 29 17 1 29
6 5 6 7 8 9 10 40000 30000 17143 12500 4444 2000 32 36 3 1 53
3 6 7 8 10000 6857 5250 22 27 30 1 46
2 1 2 20000 9000 28 28 4 3 21 30 49
1 7 30000 28 34 41 2 48 49
5 4 5 6 7 8 40000 25600 16000 11429 6000 27 30 0 1 45
3 9 10 11 10000 8100 4909 37 45 3 2 38 59
4 9 10 11 12 20000 14400 9818 6000 31 39 0 2 24 63
6 2 3 4 5 6 7 30000 16000 9000 4800 3000 857 8 9 42 1 4
3 3 4 5 40000 27000 14400 4 6 33 1 40
4 1 2 3 4 10000 4500 2000 1250 29 29 4 2 40 61
4 5 6 7 8 20000 15000 10000 5000 22 26 20 1 18
1 6 30000 4 9 30 1 40
5 6 7 8 9 10 40000 27429 21000 13333 7200 11 16 44 1 33
4 7 8 9 10 10000 7875 4667 2800 33 39 0 2 0 38
5 7 8 9 10 11 20000 15750 10889 7000 2545 30 36 4 1 68
1 10 30000 36 45 6 1 39
3 2 3 4 40000 24000 12000 40 41 10 2 72 73
1 3 10000 40 42 7 2 6 65
3 5 6 7 20000 13333 10000 16 20 32 1 12
6 8 9 10 11 12 13 30000 21333 16800 8727 6000 1846 37 44 4 3 7 54 73
1 8 40000 19 26 26 1 55
1 4 10000 21 24 18 2 54 57
4 10 11 12 13 20000 16364 10000 6154 40 49 0 3 10 65 70
6 3 4 5 6 7 8 30000 20250 10800 7500 3857 1125 29 31 11 2 34 43
2 2 3 40000 24000 50 51 0 3 63 76 81
4 5 6 7 8 10000 6667 4286 3125 40 44 7 3 43 69 72
4 9 10 11 12 20000 16200 9818 6000 52 60 0 3 74 75 83
6 10 11 12 13 14 15 30000 24545 17500 9231 4286 2000 28 37 12 1 51
3 10 11 12 40000 32727 20000 33 42 0 3 31 45 57
5 9 10 11 12 13 10000 8100 4909 3000 2077 61 69 0 3 22 50 85
4 10 11 12 13 20000 14545 10000 7692 40 49 0 3 59 67 72
3 1 2 3 30000 12000 7000 8 8 44 1 8
5 7 8 9 10 11 40000 28000 21778 11200 7636 43 49 4 3 47 58 87
1 7 10000 50 56 0 3 17 68 89
2 6 7 20000 15429 45 50 8 2 78 79
2 1 2 30000 12000 57 57 1 3 16 20 92
6 5 6 7 8 9 10 40000 30000 20000 10000 4444 2000 51 55 8 3 42 53 93
3 3 4 5 10000 6750 4200 38 40 13 3 49 50 86
2 9 10 20000 14400 21 29 32 2 77 90
3 5 6 7 30000 20000 15000 57 61 0 3 25 74 92
4 8 9 10 11 40000 32000 22400 11636 50 57 4 3 32 91 96
3 1 2 3 10000 4000 2000 28 28 30 3 60 77 90
5 2 3 4 5 6 20000 10667 6000 4000 1333 43 44 26 3 28 36 76
3 10 11 12 30000 24545 17500 52 61 0 3 33 83 89
2 5 6 40000 26667 43 47 0 3 80 82 87
1 10 10000 62 71 0 3 46 98 99
1 1 20000 46 46 3 3 64 78 82
4 10 11 12 13 30000 21818 15000 9231 33 42 29 3 38 80 97
2 2 3 40000 24000 56 57 8 3 48 95 105
4 3 4 5 6 10000 6750 3600 2500 58 60 1 3 44 94 100
1 5 20000 58 62 8 3 30 56 107
5 5 6 7 8 9 30000 20000 12857 7500 3333 48 52 0 3 35 45 103
2 10 11 40000 32727 72 81 0 3 77 104 106
4 5 6 7 8 10000 7500 4286 3125 63 67 8 3 93 101 109
2 6 7 20000 13714 70 75 0 3 28 88 94
3 1 2 3 30000 12000 6000 45 45 7 3 14 66 84
6 10 11 12 13 14 15 40000 29091 20000 15385 5714 2667 61 70 0 3 67 71 85
2 3 4 10000 6000 47 49 3 3 19 86 105
1 6 20000 76 81 0 3 62 112 113
3 4 5 6 30000 21600 14000 62 65 0 3 52 102 108
4 4 5 6 7 40000 25600 16000 11429 53 56 0 3 110 114 116