2000
20000
0.5
0.02
0.1
250000
0.005
120
0
1 6 10000 1 6 14 0
3 4 5 6 20000 14400 9333 1 4 0 0
1 9 30000 1 9 11 0
2 4 5 40000 25600 1 4 25 0
5 1 2 3 4 5 10000 4000 2333 1250 400 5 5 0 1 1
6 8 9 10 11 12 13 20000 14222 9600 5818 2667 1231 10 17 16 1 2
3 10 11 12 30000 24545 17500 5 14 20 1 1
5 10 11 12 13 14 40000 32727 23333 12308 8571 10 19 11 2 0 2
1 1 10000 7 7 18 1 0
4 7 8 9 10 20000 14000 9333 7000 6 12 0 1 4
1 7 30000 8 14 22 1 8
4 1 2 3 4 40000 18000 9333 4000 6 6 7 1 4
2 4 5 10000 6400 6 9 37 1 4
6 6 7 8 9 10 11 20000 13714 10500 6667 3600 1091 15 20 25 1 6
2 1 2 30000 13500 13 13 13 1 9
4 9 10 11 12 40000 32400 22909 12000 13 21 0 1 9
6 5 6 7 8 9 10 10000 6667 4286 3125 1667 500 7 11 7 1 11
4 5 6 7 8 20000 15000 10000 6250 22 26 0 1 15
2 9 10 30000 21600 8 16 18 1 8
2 9 10 40000 28800 20 28 11 1 7
3 1 2 3 10000 4000 2333 18 18 27 1 5
3 10 11 12 20000 14545 11667 15 24 41 1 10
4 6 7 8 9 30000 23143 13500 8000 7 12 32 1 11
3 1 2 3 40000 18000 9333 13 13 67 1 9
4 3 4 5 6 10000 6750 3600 2000 5 7 25 1 3
2 8 9 20000 14222 22 29 15 2 10 15
1 4 30000 27 30 5 1 17
1 10 40000 12 21 59 1 16
6 10 11 12 13 14 15 10000 7273 5833 3846 1429 667 12 21 7 1 16
1 8 20000 14 21 13 1 14
1 5 30000 27 31 20 1 17
1 4 40000 17 20 20 1 18
2 4 5 10000 7200 30 33 15 1 25
5 8 9 10 11 12 20000 16000 11200 7273 2667 14 21 46 1 14
5 8 9 10 11 12 30000 21333 16800 8727 4000 22 29 13 2 18 29
3 10 11 12 40000 29091 23333 21 30 25 1 13
3 4 5 6 10000 6400 4667 8 11 25 1 24
6 5 6 7 8 9 10 20000 15000 8571 5000 3333 1000 19 23 45 1 20
6 1 2 3 4 5 6 30000 13500 7000 3000 1200 500 19 19 27 1 20
3 2 3 4 40000 24000 12000 15 16 20 1 6
2 5 6 10000 7500 31 35 25 2 6 35
6 9 10 11 12 13 14 20000 16200 9818 7500 2769 1286 22 30 7 1 28
5 7 8 9 10 11 30000 21000 14000 10500 3818 21 27 20 2 14 31
4 10 11 12 13 40000 32727 20000 15385 18 27 16 1 5
5 2 3 4 5 6 10000 6000 3500 1600 667 22 23 27 1 15
1 1 20000 22 22 41 1 29
1 6 30000 18 23 25 1 5
5 10 11 12 13 14 40000 29091 23333 15385 5714 13 22 32 1 22
2 7 8 10000 7875 12 18 25 2 1 36
6 7 8 9 10 11 12 20000 14000 10889 5600 3818 1167 31 37 7 1 41
2 6 7 30000 23143 34 39 15 2 32 46
4 7 8 9 10 40000 28000 21778 14000 8 14 33 1 8
4 10 11 12 13 10000 7273 5000 3077 17 26 20 1 39
5 10 11 12 13 14 20000 14545 11667 7692 4286 28 37 29 3 0 10 43
6 3 4 5 6 7 8 30000 18000 10800 7500 2571 1125 24 26 45 1 37
5 1 2 3 4 5 40000 18000 9333 5000 2400 30 30 13 1 34
4 4 5 6 7 10000 7200 4667 2286 5 8 49 1 3
3 6 7 8 20000 13714 10500 31 36 35 3 21 35 47
5 1 2 3 4 5 30000 12000 6000 3750 1800 10 10 37 1 12
5 8 9 10 11 12 40000 32000 19200 11636 5333 38 45 7 2 16 49
5 4 5 6 7 8 10000 7200 4667 2857 1500 29 32 11 1 19
3 9 10 11 20000 14400 9818 27 35 0 1 17
4 8 9 10 11 30000 24000 16800 8727 22 29 22 1 28
2 2 3 40000 24000 46 47 7 3 18 26 59
2 6 7 10000 6857 40 45 41 2 23 50
4 8 9 10 11 20000 14222 11200 5818 38 45 29 2 31 53
4 3 4 5 6 30000 18000 12600 7500 28 30 20 3 42 51 58
6 6 7 8 9 10 11 40000 30857 18000 13333 7200 2182 32 37 20 2 30 62
6 4 5 6 7 8 9 10000 7200 4000 2857 1500 444 24 27 46 1 46
2 7 8 20000 14000 28 34 40 2 33 42
5 3 4 5 6 7 30000 20250 10800 7500 3857 46 48 9 3 47 50 59
2 1 2 40000 16000 36 36 26 3 32 51 61
6 3 4 5 6 7 8 10000 6000 3600 2500 1286 375 48 50 7 2 29 63
1 1 20000 24 24 53 1 37
2 8 9 30000 21333 36 43 0 2 26 61
3 2 3 4 40000 24000 14000 36 37 25 1 40
6 10 11 12 13 14 15 10000 7273 5000 3846 2143 667 36 45 30 1 61
3 7 8 9 20000 15750 10889 38 44 20 2 49 56
6 9 10 11 12 13 14 30000 21600 14727 11250 6231 1929 11 19 38 2 12 58
4 7 8 9 10 40000 28000 18667 14000 44 50 0 3 43 60 74
4 7 8 9 10 10000 7875 5444 3500 31 37 13 2 48 55
3 2 3 4 20000 12000 6000 10 11 67 1 2
6 4 5 6 7 8 9 30000 21600 12000 8571 3000 1333 27 30 20 2 3 52
6 6 7 8 9 10 11 40000 30857 21000 10667 7200 2182 38 43 36 3 43 53 68
4 5 6 7 8 10000 6667 5000 3125 7 11 39 1 11
3 1 2 3 20000 8000 4000 31 31 33 2 41 45
3 4 5 6 30000 21600 12000 20 23 27 1 38
4 7 8 9 10 40000 31500 21778 11200 38 44 13 3 66 80 84
3 3 4 5 10000 6000 4200 51 53 21 2 57 72
2 1 2 20000 9000 31 31 47 1 41
5 3 4 5 6 7 30000 18000 12600 6000 3857 32 34 47 3 45 81 85
1 7 40000 31 37 20 2 44 82
4 5 6 7 8 10000 7500 5000 2500 31 35 51 3 13 26 39
6 10 11 12 13 14 15 20000 14545 11667 6154 4286 1333 51 60 0 2 79 86
4 7 8 9 10 30000 23625 14000 8400 45 51 20 3 40 77 85
5 10 11 12 13 14 40000 32727 23333 12308 5714 51 60 7 3 67 70 72
3 6 7 8 10000 7714 5250 27 32 51 3 51 52 73
1 4 20000 52 55 24 3 13 76 94
1 10 30000 61 70 7 2 21 95
3 1 2 3 40000 18000 8000 56 56 24 3 79 83 97
1 2 10000 61 62 0 3 30 84 93
5 10 11 12 13 14 20000 14545 10000 7692 4286 46 55 17 3 59 71 75
6 5 6 7 8 9 10 30000 22500 12857 7500 3333 1500 63 67 0 3 31 82 100
5 10 11 12 13 14 40000 29091 23333 12308 5714 45 54 13 3 78 87 91
5 2 3 4 5 6 10000 6000 3000 1600 1000 56 57 29 3 37 69 97
5 6 7 8 9 10 20000 15429 10500 5333 3600 54 59 21 3 28 82 88
3 7 8 9 30000 23625 16333 68 74 0 3 7 102 103
6 5 6 7 8 9 10 40000 26667 17143 10000 4444 2000 68 72 14 3 25 90 102
3 7 8 9 10000 7875 5444 33 39 51 3 52 54 96
4 6 7 8 9 20000 15429 10500 5333 75 80 0 3 65 69 106
2 1 2 30000 12000 71 71 7 3 20 98 100
2 4 5 40000 28800 73 76 14 3 92 103 107
3 7 8 9 10000 7000 5444 61 67 12 3 86 95 101
1 9 20000 52 60 20 3 54 77 94
4 4 5 6 7 30000 21600 14000 6857 61 64 26 3 64 93 104
3 1 2 3 40000 18000 8000 68 68 12 3 100 103 112
6 2 3 4 5 6 7 10000 6000 3500 1600 667 286 72 73 7 3 89 102 110
4 10 11 12 13 20000 16364 11667 6154 69 78 12 3 53 99 115
5 10 11 12 13 14 30000 24545 17500 9231 6429 61 70 20 3 54 105 113
3 10 11 12 40000 32727 20000 81 90 0 3 27 109 116