2000
20000
0.5
0.02
0.1
250000
0.005
120
0
1 5 10000 1 5 25 0
1 6 20000 1 6 6 0
3 7 8 9 30000 21000 14000 1 7 0 0
4 4 5 6 7 40000 25600 16000 9143 1 4 19 0
6 6 7 8 9 10 11 10000 7714 4500 3333 1200 545 8 13 0 1 2
5 2 3 4 5 6 20000 12000 6000 3200 1333 7 8 31 1 1
1 4 30000 5 8 19 1 3
5 4 5 6 7 8 40000 28800 16000 9143 6000 6 9 25 1 0
3 8 9 10 10000 7111 4800 14 21 0 1 4
5 6 7 8 9 10 20000 13714 10500 5333 2400 5 10 21 1 3
1 1 30000 10 10 27 1 7
4 3 4 5 6 40000 27000 14400 10000 5 7 24 1 3
3 10 11 12 10000 8182 5833 22 31 0 2 4 8
3 7 8 9 20000 14000 10889 6 12 38 1 0
3 1 2 3 30000 12000 6000 8 8 24 1 11
2 4 5 40000 28800 32 35 20 1 12
6 10 11 12 13 14 15 10000 8182 5833 3846 2143 667 7 16 6 1 1
3 1 2 3 20000 9000 4000 11 11 27 1 10
2 9 10 30000 21600 10 18 28 1 7
2 4 5 40000 25600 14 17 17 1 4
4 6 7 8 9 10000 7714 5250 3333 19 24 30 1 18
2 7 8 20000 15750 10 16 25 1 7
1 5 30000 9 13 34 1 5
3 1 2 3 40000 18000 9333 9 9 22 1 6
2 4 5 10000 6400 17 20 42 1 16
6 1 2 3 4 5 6 20000 9000 4000 2500 800 333 11 11 31 1 9
6 6 7 8 9 10 11 30000 23143 13500 10000 5400 1636 9 14 31 1 5
1 9 40000 9 17 24 1 14
1 8 10000 11 18 48 1 9
3 10 11 12 20000 14545 10000 17 26 6 1 16
4 9 10 11 12 30000 24300 14727 9000 25 33 37 1 20
5 5 6 7 8 9 40000 30000 20000 12500 4444 27 31 6 1 29
6 7 8 9 10 11 12 10000 7875 4667 3500 1273 583 9 15 19 1 6
4 7 8 9 10 20000 15750 10889 5600 18 24 24 1 27
1 3 30000 32 34 7 1 31
2 3 4 40000 24000 14 16 37 1 22
1 1 10000 10 10 27 1 23
6 6 7 8 9 10 11 20000 15429 10500 6667 2400 1091 11 16 38 1 10
1 7 30000 10 16 24 1 23
4 6 7 8 9 40000 30857 18000 13333 32 37 0 2 12 23
3 3 4 5 10000 6750 4200 17 19 47 2 0 21
4 5 6 7 8 20000 15000 8571 5000 18 22 22 1 19
2 6 7 30000 20571 32 37 9 2 31 38
1 10 40000 36 45 20 1 15
4 7 8 9 10 10000 7875 5444 3500 18 24 17 2 19 32
5 1 2 3 4 5 20000 8000 4667 2500 1200 11 11 21 1 9
1 6 30000 12 17 27 2 6 17
5 3 4 5 6 7 40000 27000 14400 10000 3429 38 40 0 2 36 39
3 3 4 5 10000 6000 3600 17 19 25 2 14 21
2 9 10 20000 14400 32 40 6 1 31
2 9 10 30000 21600 41 49 9 1 47
4 5 6 7 8 40000 30000 17143 10000 15 19 31 2 2 26
2 7 8 10000 7875 9 15 39 1 5
2 8 9 20000 16000 22 29 20 1 8
5 1 2 3 4 5 30000 12000 7000 3000 1800 12 12 21 1 45
6 3 4 5 6 7 8 40000 24000 16800 8000 5143 1500 41 43 6 2 18 49
2 7 8 10000 7875 13 19 21 2 45 54
2 8 9 20000 14222 27 34 22 1 29
5 6 7 8 9 10 30000 23143 15750 8000 5400 22 27 27 1 8
6 6 7 8 9 10 11 40000 30857 18000 10667 7200 2182 41 46 0 2 47 56
1 1 10000 25 25 24 1 33
5 8 9 10 11 12 20000 14222 11200 7273 4000 9 16 40 1 14
4 8 9 10 11 30000 21333 14400 8727 25 32 17 2 21 44
1 10 40000 26 35 24 2 48 60
2 3 4 10000 6750 12 14 27 1 17
4 8 9 10 11 20000 16000 9600 7273 7 14 35 1 1
6 5 6 7 8 9 10 30000 20000 12857 7500 5000 1500 23 27 22 2 41 56
5 8 9 10 11 12 40000 32000 19200 14545 5333 35 42 10 2 34 48
3 9 10 11 10000 8100 4909 28 36 23 3 13 51 66
1 9 20000 38 46 7 1 39
6 2 3 4 5 6 7 30000 16000 10500 6000 3000 857 19 20 29 1 18
3 8 9 10 40000 32000 22400 35 42 7 2 34 64
3 1 2 3 10000 4500 2333 43 43 10 2 27 67
5 7 8 9 10 11 20000 14000 9333 7000 3818 14 20 34 1 22
3 4 5 6 30000 19200 14000 12 15 31 1 25
1 5 40000 18 22 27 2 32 46
6 7 8 9 10 11 12 10000 7875 5444 2800 1909 583 47 53 0 3 42 59 74
6 10 11 12 13 14 15 20000 16364 10000 7692 4286 1333 35 44 22 3 57 66 75
5 2 3 4 5 6 30000 18000 9000 4800 2000 15 16 38 1 64
4 5 6 7 8 40000 30000 17143 10000 21 25 29 3 11 65 70
5 5 6 7 8 9 10000 7500 4286 3125 1667 28 32 22 3 29 66 75
6 10 11 12 13 14 15 20000 14545 10000 6154 4286 1333 32 41 15 1 12
4 10 11 12 13 30000 24545 17500 9231 33 42 22 3 13 36 80
2 4 5 40000 25600 15 18 36 2 13 26
4 1 2 3 4 10000 4500 2000 1000 36 36 39 2 2 63
5 2 3 4 5 6 20000 12000 6000 3200 1333 26 27 37 2 60 79
3 5 6 7 30000 20000 12857 43 47 7 3 47 53 71
3 1 2 3 40000 18000 8000 47 47 7 2 11 69
3 9 10 11 10000 7200 4909 35 43 32 3 27 34 65
3 1 2 3 20000 8000 4667 44 44 10 2 70 72
2 4 5 30000 19200 25 28 30 3 20 52 83
2 2 3 40000 24000 33 34 24 2 61 80
2 5 6 10000 7500 34 38 37 3 16 30 40
2 3 4 20000 12000 28 30 27 3 37 58 78
6 3 4 5 6 7 8 30000 18000 10800 6000 2571 1125 48 50 7 3 22 44 86
4 3 4 5 6 40000 27000 14400 8000 42 44 15 2 61 81
6 6 7 8 9 10 11 10000 7714 5250 3333 1800 545 36 41 31 3 40 63 85
1 4 20000 45 48 10 3 54 73 89
3 2 3 4 30000 18000 10500 31 32 40 3 24 48 93
6 8 9 10 11 12 13 40000 32000 19200 14545 5333 2462 54 61 9 3 61 76 97
4 4 5 6 7 10000 7200 4000 2857 45 48 22 3 28 40 77
4 5 6 7 8 20000 15000 10000 6250 50 54 9 3 50 90 97
2 4 5 30000 19200 44 47 6 3 38 55 62
3 9 10 11 40000 32400 22909 48 56 7 2 79 87
1 1 10000 51 51 7 3 32 93 94
2 9 10 20000 16200 54 62 0 3 35 76 102
3 3 4 5 30000 20250 10800 43 45 22 3 82 85 93
2 4 5 40000 25600 48 51 12 3 69 95 102
3 9 10 11 10000 7200 4909 52 60 7 3 51 91 104
2 6 7 20000 13714 42 47 18 3 63 68 81
1 9 30000 57 65 7 3 101 103 107
6 8 9 10 11 12 13 40000 28444 19200 11636 5333 2462 48 55 18 1 109
4 4 5 6 7 10000 7200 4667 2857 62 65 9 3 94 99 100
4 2 3 4 5 20000 12000 6000 3200 42 43 31 3 26 96 98
3 1 2 3 30000 12000 6000 61 61 13 3 104 108 111
2 3 4 40000 27000 63 65 0 3 24 65 105
3 5 6 7 10000 7500 5000 61 65 7 3 64 106 108
2 10 11 20000 16364 66 75 0 3 43 73 115
1 1 30000 66 66 9 3 112 113 114
4 3 4 5 6 40000 24000 16800 8000 66 68 7 3 96 110 116