2000
20000
0.5
0.02
0.1
250000
0.005
120
0
1 7 10000 1 7 0 0
6 1 2 3 4 5 6 20000 8000 4000 2000 800 333 1 1 0 0
5 1 2 3 4 5 30000 13500 6000 3750 1200 1 1 12 0
3 10 11 12 40000 32727 20000 1 10 0 0
4 9 10 11 12 10000 7200 4909 3750 2 10 0 1 1
6 5 6 7 8 9 10 20000 15000 8571 5000 3333 1000 2 6 12 1 2
4 8 9 10 11 30000 24000 16800 8727 11 18 0 1 3
2 2 3 40000 24000 2 3 16 1 2
2 10 11 10000 7273 11 20 15 1 4
1 1 20000 11 11 0 1 4
4 4 5 6 7 30000 19200 12000 8571 11 14 19 1 3
4 6 7 8 9 40000 27429 18000 13333 21 26 15 1 8
1 2 10000 2 3 24 1 2
2 8 9 20000 16000 8 15 0 1 0
4 4 5 6 7 30000 19200 12000 8571 12 15 0 1 9
6 4 5 6 7 8 9 40000 28800 16000 9143 4000 1778 4 7 16 1 7
3 1 2 3 10000 4500 2333 19 19 20 1 6
4 3 4 5 6 20000 13500 8400 4000 16 18 0 1 14
3 4 5 6 30000 21600 14000 8 11 16 1 15
4 1 2 3 4 40000 16000 8000 5000 4 4 32 1 12
4 8 9 10 11 10000 8000 5600 2909 11 18 0 1 3
6 2 3 4 5 6 7 20000 12000 7000 3200 2000 571 12 13 18 1 9
4 8 9 10 11 30000 21333 14400 10909 7 14 12 1 5
3 7 8 9 40000 31500 18667 19 25 2 1 6
2 4 5 10000 6400 16 19 0 1 13
5 3 4 5 6 7 20000 13500 8400 5000 2571 2 4 0 1 1
2 7 8 30000 21000 5 11 38 1 19
6 9 10 11 12 13 14 40000 28800 19636 12000 5538 2571 5 13 0 1 25
3 1 2 3 10000 4500 2333 19 19 0 1 20
6 4 5 6 7 8 9 20000 12800 9333 5714 3000 889 11 14 20 1 4
1 3 30000 5 7 0 1 25
3 1 2 3 40000 16000 9333 20 20 0 1 28
3 3 4 5 10000 6000 3600 14 16 23 1 27
2 5 6 20000 13333 12 16 27 1 9
5 5 6 7 8 9 30000 20000 12857 9375 5000 5 9 32 1 19
6 2 3 4 5 6 7 40000 21333 12000 6400 4000 1143 19 20 0 1 17
2 6 7 10000 7714 21 26 0 1 31
2 10 11 20000 16364 8 17 10 1 30
5 3 4 5 6 7 30000 20250 10800 7500 3857 20 22 4 1 28
3 8 9 10 40000 28444 22400 5 12 32 1 19
5 7 8 9 10 11 10000 7000 5444 3500 1909 8 14 12 1 30
4 5 6 7 8 20000 15000 8571 6250 19 23 11 1 17
1 6 30000 2 7 32 1 1
3 10 11 12 40000 29091 23333 20 29 16 1 24
3 8 9 10 10000 7111 4800 23 30 13 1 38
6 5 6 7 8 9 10 20000 15000 8571 5000 2222 1000 15 19 12 1 40
2 5 6 30000 20000 23 27 4 1 38
3 7 8 9 40000 28000 21778 20 26 0 1 24
1 10 10000 8 17 24 1 15
4 1 2 3 4 20000 8000 4000 2500 18 18 26 1 37
1 7 30000 27 33 0 1 47
3 7 8 9 40000 31500 18667 12 18 38 1 26
1 8 10000 21 28 0 1 35
6 6 7 8 9 10 11 20000 15429 9000 5333 2400 1091 12 17 16 1 18
3 9 10 11 30000 21600 17182 27 35 0 2 36 38
1 6 40000 8 13 0 1 30
5 5 6 7 8 9 10000 7500 5000 3125 1111 15 19 12 1 22
1 4 20000 8 11 31 1 0
3 4 5 6 30000 21600 14000 15 18 20 1 10
4 1 2 3 4 40000 18000 8000 4000 24 24 11 2 12 41
4 4 5 6 7 10000 7200 4667 2857 20 23 22 1 24
3 6 7 8 20000 13714 9000 19 24 24 2 20 57
2 2 3 30000 16000 15 16 20 1 29
1 10 40000 19 28 7 1 20
3 8 9 10 10000 8000 4800 34 41 0 2 50 53
1 2 20000 27 28 15 1 11
1 10 30000 28 37 4 2 45 46
6 10 11 12 13 14 15 40000 29091 20000 15385 8571 2667 16 25 18 1 14
1 3 10000 17 19 28 1 33
1 2 20000 19 20 14 1 17
4 1 2 3 4 30000 12000 6000 3000 14 14 39 1 55
3 2 3 4 40000 21333 14000 28 29 12 2 16 46
3 8 9 10 10000 7111 5600 8 15 29 1 0
5 8 9 10 11 12 20000 14222 11200 5818 4000 16 23 15 1 13
2 8 9 30000 24000 20 27 12 2 21 56
4 7 8 9 10 40000 31500 21778 14000 26 32 2 3 12 23 37
3 8 9 10 10000 7111 4800 29 36 0 1 52
6 9 10 11 12 13 14 20000 16200 11455 6000 2769 1286 15 23 22 1 29
4 6 7 8 9 30000 23143 15750 8000 28 33 11 2 46 73
2 4 5 40000 25600 14 17 0 1 27
4 5 6 7 8 10000 7500 5000 2500 5 9 33 1 25
6 3 4 5 6 7 8 20000 12000 7200 4000 2571 750 37 39 0 2 62 76
4 2 3 4 5 30000 16000 9000 4800 30 31 12 1 71
4 8 9 10 11 40000 32000 22400 11636 24 31 22 3 29 60 77
4 1 2 3 4 10000 4000 2333 1000 31 31 13 2 11 44
5 10 11 12 13 14 20000 16364 11667 6154 2857 15 24 19 1 10
3 1 2 3 30000 13500 7000 34 34 11 2 58 78
1 4 40000 14 17 0 1 55
2 1 2 10000 4500 34 34 7 1 50
6 4 5 6 7 8 9 20000 14400 9333 5714 2000 889 21 24 14 1 69
2 8 9 30000 24000 40 47 0 3 32 74 81
5 6 7 8 9 10 40000 30857 21000 10667 4800 18 23 0 2 79 87
2 7 8 10000 7000 35 41 7 2 48 88
5 2 3 4 5 6 20000 10667 7000 4000 2000 32 33 13 2 72 84
5 3 4 5 6 7 30000 18000 12600 6000 3857 33 35 2 1 75
6 9 10 11 12 13 14 40000 32400 22909 12000 8308 2571 48 56 0 3 65 68 90
2 3 4 10000 6000 26 28 18 3 31 67 89
5 2 3 4 5 6 20000 10667 7000 3200 2000 36 37 0 3 54 59 63
3 1 2 3 30000 13500 7000 25 25 14 2 10 89
2 8 9 40000 32000 35 42 11 3 18 43 86
1 9 10000 19 27 0 1 6
3 6 7 8 20000 15429 9000 38 43 0 2 94 97
3 4 5 6 30000 19200 14000 19 22 20 1 58
5 1 2 3 4 5 40000 18000 8000 5000 2400 12 12 27 1 18
6 9 10 11 12 13 14 10000 7200 4909 3750 2077 643 43 51 11 2 83 99
6 4 5 6 7 8 9 20000 14400 9333 5714 3000 889 23 26 20 2 80 102
3 7 8 9 30000 21000 14000 26 32 14 3 28 98 103
1 5 40000 44 48 0 3 65 82 101
6 7 8 9 10 11 12 10000 7875 4667 3500 1909 583 34 40 13 3 37 93 96
2 7 8 20000 14000 8 14 32 1 42
4 5 6 7 8 30000 22500 15000 9375 44 48 0 3 85 101 103
1 6 40000 57 62 0 3 15 51 95
2 7 8 10000 7000 33 39 14 3 105 106 109
1 1 20000 26 26 18 3 31 33 98
3 9 10 11 30000 21600 14727 41 49 13 3 70 108 112
4 4 5 6 7 40000 25600 16000 9143 27 30 18 3 39 49 113
1 4 10000 63 66 0 3 104 111 114
4 8 9 10 11 20000 16000 9600 5818 49 56 0 3 61 92 110
2 1 2 30000 12000 49 49 0 3 13 107 115
4 7 8 9 10 40000 28000 18667 14000 42 48 0 3 34 64 66