2000
20000
0.5
0.02
0.1
250000
0.005
120
0
1 5 10000 1 5 14 0
5 7 8 9 10 11 20000 14000 10889 7000 3818 1 7 0 0
5 5 6 7 8 9 30000 20000 15000 9375 5000 1 5 18 0
6 7 8 9 10 11 12 40000 28000 21778 14000 7636 2333 1 7 11 0
3 5 6 7 10000 6667 5000 8 12 0 1 1
4 4 5 6 7 20000 14400 8000 5714 6 9 23 1 2
1 2 30000 13 14 0 1 4
5 4 5 6 7 8 40000 25600 18667 11429 6000 8 11 15 1 1
3 5 6 7 10000 6667 5000 15 19 0 1 6
6 6 7 8 9 10 11 20000 13714 9000 6667 3600 1091 10 15 23 2 1 5
2 8 9 30000 24000 8 15 11 1 3
4 1 2 3 4 40000 18000 9333 4000 6 6 50 1 0
6 8 9 10 11 12 13 10000 7111 5600 2909 2000 615 8 15 44 1 3
3 7 8 9 20000 14000 9333 15 21 26 1 6
2 6 7 30000 23143 12 17 52 1 7
3 9 10 11 40000 32400 22909 15 23 36 1 6
6 3 4 5 6 7 8 10000 6000 3600 2500 857 375 6 8 18 1 2
3 2 3 4 20000 10667 6000 6 7 14 1 0
1 4 30000 16 19 36 1 9
1 8 40000 13 20 45 1 4
1 1 10000 16 16 11 1 10
5 3 4 5 6 7 20000 13500 7200 4000 2571 7 9 50 1 11
5 7 8 9 10 11 30000 21000 16333 10500 3818 16 22 48 1 9
4 10 11 12 13 40000 32727 20000 12308 17 26 15 1 20
2 6 7 10000 6857 10 15 50 1 21
5 8 9 10 11 12 20000 14222 9600 5818 4000 20 27 0 1 8
2 3 4 30000 20250 24 26 36 1 15
4 10 11 12 13 40000 32727 23333 15385 16 25 41 1 10
1 8 10000 16 23 48 1 10
2 7 8 20000 15750 12 18 15 1 7
2 10 11 30000 21818 26 35 44 3 14 24 27
3 8 9 10 40000 32000 22400 6 13 77 1 0
3 7 8 9 10000 7875 4667 13 19 12 1 4
3 9 10 11 20000 14400 9818 28 36 0 1 25
4 8 9 10 11 30000 21333 14400 10909 16 23 23 1 9
3 8 9 10 40000 32000 19200 16 23 50 1 24
4 9 10 11 12 10000 7200 4909 3000 9 17 18 1 16
2 4 5 20000 12800 22 25 26 1 13
2 1 2 30000 12000 20 20 42 1 18
5 1 2 3 4 5 40000 18000 9333 4000 1600 17 17 63 1 20
6 10 11 12 13 14 15 10000 7273 5833 3077 1429 667 37 46 0 1 33
6 5 6 7 8 9 10 20000 13333 8571 6250 2222 1000 27 31 15 1 23
3 10 11 12 30000 24545 15000 8 17 14 1 17
6 2 3 4 5 6 7 40000 24000 14000 6400 4000 1143 19 20 15 1 29
3 6 7 8 10000 7714 5250 26 31 41 1 27
5 8 9 10 11 12 20000 16000 11200 7273 4000 21 28 42 1 38
2 7 8 30000 23625 27 33 57 1 23
4 4 5 6 7 40000 25600 16000 11429 21 24 15 2 36 43
2 5 6 10000 7500 22 26 47 2 13 24
4 7 8 9 10 20000 15750 9333 7000 47 53 0 2 40 41
3 1 2 3 30000 12000 6000 27 27 47 1 48
5 9 10 11 12 13 40000 32400 19636 15000 5538 28 36 47 1 25
1 4 10000 23 26 48 1 22
5 10 11 12 13 14 20000 14545 10000 7692 2857 24 33 50 1 35
5 2 3 4 5 6 30000 16000 9000 4800 3000 27 28 36 1 26
4 3 4 5 6 40000 24000 14400 8000 37 39 47 2 51 53
3 4 5 6 10000 6400 4000 17 20 11 1 20
4 1 2 3 4 20000 9000 4667 2000 24 24 55 3 14 17 28
2 2 3 30000 18000 26 27 26 1 37
4 9 10 11 12 40000 32400 19636 15000 21 29 53 1 56
4 2 3 4 5 10000 5333 3500 1600 8 9 81 1 17
6 5 6 7 8 9 10 20000 15000 8571 6250 3333 1000 27 31 55 2 26 57
3 10 11 12 30000 21818 17500 47 56 7 2 40 58
2 9 10 40000 32400 26 34 54 1 27
6 6 7 8 9 10 11 10000 6857 4500 2667 1200 545 10 15 68 2 3 5
2 1 2 20000 8000 40 40 47 1 55
2 6 7 30000 20571 47 52 13 2 12 40
5 6 7 8 9 10 40000 30857 18000 13333 7200 54 59 12 2 19 49
3 6 7 8 10000 7714 4500 57 62 17 1 62
4 5 6 7 8 20000 13333 10000 5000 54 58 0 1 49
3 9 10 11 30000 21600 14727 21 29 26 1 56
4 8 9 10 11 40000 28444 19200 14545 21 28 11 3 32 42 56
6 3 4 5 6 7 8 10000 6750 4200 2000 857 375 36 38 44 2 25 30
4 1 2 3 4 20000 8000 4000 2000 29 29 36 1 54
3 7 8 9 30000 23625 14000 29 35 11 2 47 71
2 2 3 40000 24000 29 30 42 1 45
3 7 8 9 10000 7875 5444 34 40 57 3 31 46 73
1 7 20000 36 42 56 2 5 74
4 9 10 11 12 30000 21600 17182 11250 36 44 11 2 34 74
3 1 2 3 40000 16000 9333 32 32 55 2 22 61
3 5 6 7 10000 7500 4286 59 63 0 2 23 69
1 4 20000 39 42 44 3 28 59 72
2 7 8 30000 23625 21 27 60 1 19
6 8 9 10 11 12 13 40000 32000 19200 11636 5333 2462 63 70 17 3 8 57 68
3 3 4 5 10000 6750 4200 19 21 64 3 12 29 39
1 8 20000 64 71 0 3 32 62 80
6 8 9 10 11 12 13 30000 24000 16800 10909 4000 1846 27 34 48 2 18 52
2 10 11 40000 32727 45 54 11 3 18 70 78
1 7 10000 29 35 64 2 16 54
4 9 10 11 12 20000 16200 11455 6000 72 80 20 3 66 82 85
4 9 10 11 12 30000 21600 17182 9000 55 63 11 3 66 73 87
2 9 10 40000 28800 72 80 0 2 28 85
4 5 6 7 8 10000 7500 5000 2500 60 64 12 2 47 67
6 3 4 5 6 7 8 20000 12000 7200 5000 1714 750 43 45 56 3 14 52 77
6 9 10 11 12 13 14 30000 21600 14727 9000 6231 1929 32 40 41 3 22 44 75
1 3 40000 43 45 54 3 29 71 81
3 7 8 9 10000 7000 4667 64 70 11 3 37 50 90
4 6 7 8 9 20000 15429 10500 6667 65 70 12 3 58 75 92
3 4 5 6 30000 19200 12000 41 44 47 3 33 65 82
3 6 7 8 40000 30857 18000 71 76 12 3 47 86 97
3 4 5 6 10000 7200 4667 60 63 28 3 7 45 67
6 10 11 12 13 14 15 20000 16364 11667 7692 4286 1333 71 80 17 3 15 79 83
6 4 5 6 7 8 9 30000 21600 12000 8571 4500 1333 71 74 11 3 32 94 96
2 1 2 40000 16000 16 16 68 2 2 64
2 2 3 10000 5333 72 73 15 3 81 85 87
2 6 7 20000 15429 75 80 11 3 21 84 102
4 10 11 12 13 30000 24545 15000 9231 81 90 0 3 39 90 91
2 8 9 40000 32000 59 66 26 3 44 69 103
2 10 11 10000 8182 91 100 0 3 15 60 106
6 10 11 12 13 14 15 20000 14545 10000 7692 4286 1333 77 86 12 3 63 99 104
1 6 30000 81 86 17 3 65 76 101
3 4 5 6 40000 25600 18667 41 44 50 3 61 65 103
4 2 3 4 5 10000 6000 3500 2000 81 82 19 3 88 95 101
3 9 10 11 20000 14400 11455 67 75 26 3 8 50 107
1 7 30000 81 87 11 3 98 100 105
1 1 40000 101 101 0 3 82 89 108
1 2 10000 83 84 19 3 93 112 113
2 9 10 20000 14400 45 53 50 3 33 103 111
1 5 30000 88 92 11 3 60 109 114
2 2 3 40000 24000 102 103 0 3 45 102 115