2000
20000
0.5
0.02
0.1
250000
0.005
120
0
1 6 10000 1 6 0 0
1 7 20000 1 7 52 0
4 9 10 11 12 30000 24300 14727 11250 1 9 11 0
3 8 9 10 40000 32000 19200 1 8 17 0
5 5 6 7 8 9 10000 7500 4286 3125 1111 10 14 11 1 2
6 1 2 3 4 5 6 20000 8000 4667 2500 800 333 7 7 29 1 0
1 9 30000 15 23 11 1 4
4 5 6 7 8 40000 26667 17143 12500 8 12 52 1 1
1 9 10000 7 15 0 1 0
2 8 9 20000 14222 10 17 27 1 2
3 3 4 5 30000 18000 12600 16 18 22 1 8
2 5 6 40000 30000 15 19 46 1 4
3 9 10 11 10000 8100 5727 9 17 21 1 3
5 6 7 8 9 10 20000 15429 9000 6667 3600 16 21 18 1 8
2 9 10 30000 21600 10 18 20 1 2
1 7 40000 24 30 11 1 6
6 8 9 10 11 12 13 10000 7111 5600 3636 2000 615 16 23 0 1 8
2 1 2 20000 9000 19 19 20 2 12 14
6 2 3 4 5 6 7 30000 16000 10500 4800 2000 857 19 20 66 1 14
3 6 7 8 40000 27429 18000 18 23 27 1 9
2 3 4 10000 6750 15 17 48 1 4
5 7 8 9 10 11 20000 15750 10889 7000 2545 8 14 29 1 5
6 3 4 5 6 7 8 30000 18000 10800 7500 3857 1125 24 26 43 1 19
4 1 2 3 4 40000 16000 9333 4000 13 13 52 1 7
3 1 2 3 10000 4000 2333 24 24 57 1 6
4 7 8 9 10 20000 14000 10889 5600 8 14 30 1 5
5 2 3 4 5 6 30000 18000 10500 6000 3000 24 25 19 1 16
1 7 40000 8 14 55 1 1
5 3 4 5 6 7 10000 6750 4200 2500 1286 20 22 46 1 11
4 9 10 11 12 20000 16200 11455 7500 7 15 57 1 0
2 1 2 30000 13500 20 20 64 1 17
1 1 40000 14 14 52 1 23
5 2 3 4 5 6 10000 5333 3000 1600 667 18 19 53 1 20
2 9 10 20000 16200 31 39 11 1 15
3 6 7 8 30000 23143 13500 24 29 0 1 16
4 1 2 3 4 40000 18000 8000 4000 22 22 18 2 13 17
3 5 6 7 10000 7500 4286 9 13 17 1 3
1 5 20000 15 19 52 1 31
6 1 2 3 4 5 6 30000 12000 6000 3750 1800 500 8 8 37 1 5
2 7 8 40000 31500 30 36 19 1 34
4 8 9 10 11 10000 8000 4800 2909 30 37 0 1 34
3 3 4 5 20000 13500 7200 37 39 45 3 9 23 39
4 5 6 7 8 30000 20000 15000 9375 9 13 27 1 3
1 9 40000 37 45 33 3 22 27 39
4 6 7 8 9 10000 6857 4500 2667 15 20 64 1 21
1 9 20000 18 26 66 1 20
2 1 2 30000 12000 22 22 46 1 13
4 7 8 9 10 40000 28000 18667 14000 15 21 57 1 27
5 3 4 5 6 7 10000 6000 4200 2000 1286 23 25 46 1 46
4 6 7 8 9 20000 13714 10500 6667 23 28 62 2 44 46
3 8 9 10 30000 24000 14400 23 30 50 2 29 35
5 5 6 7 8 9 40000 30000 20000 10000 4444 19 23 64 1 10
2 10 11 10000 7273 14 23 17 1 36
4 2 3 4 5 20000 10667 6000 4000 25 26 57 1 24
3 5 6 7 30000 22500 12857 23 27 18 2 13 35
3 9 10 11 40000 32400 19636 19 27 54 1 10
4 6 7 8 9 10000 6857 5250 3333 15 20 30 1 25
1 3 20000 18 20 48 1 20
4 6 7 8 9 30000 20571 15750 8000 38 43 0 1 40
2 3 4 40000 27000 20 22 62 2 32 37
6 6 7 8 9 10 11 10000 6857 5250 3333 1200 545 44 49 28 2 36 58
6 10 11 12 13 14 15 20000 16364 10000 7692 2857 1333 40 49 11 2 33 56
3 8 9 10 30000 21333 14400 21 28 54 1 56
1 3 40000 24 26 17 1 52
6 3 4 5 6 7 8 10000 6000 4200 2500 857 375 23 25 46 2 28 57
3 10 11 12 20000 16364 10000 19 28 22 2 10 42
4 4 5 6 7 30000 19200 12000 6857 28 31 18 2 38 54
5 10 11 12 13 14 40000 32727 23333 12308 8571 31 40 20 1 15
5 1 2 3 4 5 10000 4500 2000 1000 600 24 24 59 2 25 52
5 7 8 9 10 11 20000 15750 10889 5600 2545 50 56 28 2 31 60
2 6 7 30000 23143 26 31 46 1 48
3 7 8 9 40000 31500 18667 20 26 54 2 11 21
4 4 5 6 7 10000 6400 4000 2286 29 32 22 3 19 63 65
4 3 4 5 6 20000 13500 8400 5000 32 34 18 3 14 35 66
3 1 2 3 30000 13500 6000 30 30 23 1 34
4 5 6 7 8 40000 30000 20000 10000 31 35 50 3 22 50 71
3 1 2 3 10000 4500 2333 40 40 45 2 40 41
1 3 20000 27 29 57 3 16 53 63
3 10 11 12 30000 21818 15000 57 66 28 3 59 69 72
2 9 10 40000 32400 26 34 19 2 17 26
2 5 6 10000 6667 38 42 45 1 40
4 5 6 7 8 20000 13333 10000 6250 32 36 49 2 70 74
5 4 5 6 7 8 30000 21600 14000 6857 3000 32 35 55 3 1 18 70
5 9 10 11 12 13 40000 32400 22909 15000 8308 44 52 0 3 21 58 63
3 8 9 10 10000 7111 4800 28 35 45 2 36 54
5 2 3 4 5 6 20000 10667 7000 4000 2000 53 54 0 2 73 83
6 7 8 9 10 11 12 30000 23625 14000 8400 3818 1750 14 20 72 1 23
1 5 40000 37 41 19 1 39
2 1 2 10000 4000 35 35 19 2 74 79
6 10 11 12 13 14 15 20000 16364 11667 6154 2857 1333 46 55 33 3 28 43 47
4 5 6 7 8 30000 20000 12857 9375 55 59 0 3 72 85 88
6 3 4 5 6 7 8 40000 27000 14400 10000 3429 1500 41 43 44 3 53 65 67
2 4 5 10000 6400 60 63 30 3 55 79 90
5 1 2 3 4 5 20000 9000 4000 2500 1200 57 57 29 3 69 76 85
4 7 8 9 10 30000 23625 16333 10500 60 66 0 1 90
2 1 2 40000 18000 36 36 45 3 46 71 84
4 6 7 8 9 10000 7714 4500 2667 50 55 11 3 61 67 87
3 6 7 8 20000 13714 9000 44 49 44 3 26 51 91
5 5 6 7 8 9 30000 20000 15000 9375 5000 67 71 0 3 56 94 96
4 9 10 11 12 40000 32400 22909 12000 24 32 49 2 6 32
6 10 11 12 13 14 15 10000 8182 5833 3077 2143 667 72 81 0 3 37 64 98
3 3 4 5 20000 12000 7200 33 35 49 3 55 57 99
2 10 11 30000 24545 72 81 6 2 70 98
2 8 9 40000 32000 55 62 30 3 30 85 101
3 5 6 7 10000 6667 4286 67 71 17 2 68 94
3 4 5 6 20000 12800 8000 67 70 16 3 25 62 94
3 4 5 6 30000 21600 14000 58 61 29 3 77 93 96
4 1 2 3 4 40000 16000 9333 4000 82 82 12 3 9 89 102
6 3 4 5 6 7 8 10000 6000 4200 2000 1286 375 82 84 6 3 80 95 102
2 6 7 20000 13714 72 77 17 3 60 89 104
5 8 9 10 11 12 30000 24000 16800 10909 6000 37 44 49 3 75 81 84
5 9 10 11 12 13 40000 32400 19636 12000 5538 82 90 0 3 95 96 100
1 3 10000 64 66 30 3 92 97 110
1 3 20000 83 85 12 3 78 107 109
6 7 8 9 10 11 12 30000 21000 14000 8400 3818 1750 85 91 6 3 49 106 108
5 7 8 9 10 11 40000 31500 18667 14000 7636 91 97 0 3 82 104 111
4 3 4 5 6 10000 6000 3600 2500 71 73 16 3 33 75 105
2 5 6 20000 13333 63 67 30 3 45 86 103
4 1 2 3 4 30000 12000 6000 3750 67 67 30 3 66 90 112
2 8 9 40000 28444 74 81 16 3 74 104 116