2000
20000
0.5
0.02
0.1
250000
0.005
120
0
1 8 10000 1 8 0 0
1 3 20000 1 3 26 0
2 3 4 30000 18000 1 3 12 0
4 8 9 10 11 40000 28444 19200 11636 1 8 23 0
3 8 9 10 10000 8000 5600 4 11 12 1 2
6 1 2 3 4 5 6 20000 9000 4667 2500 800 333 9 9 23 1 3
1 1 30000 4 4 18 1 2
1 3 40000 4 6 26 1 1
2 7 8 10000 7875 4 10 21 1 2
6 4 5 6 7 8 9 20000 14400 9333 4571 3000 889 9 12 0 1 0
1 7 30000 12 18 12 1 4
2 8 9 40000 32000 4 11 47 1 1
3 1 2 3 10000 4500 2333 5 5 18 1 6
5 2 3 4 5 6 20000 10667 7000 3200 2000 7 8 34 1 7
3 7 8 9 30000 21000 14000 6 12 29 1 12
5 2 3 4 5 6 40000 24000 14000 6400 4000 12 13 36 1 4
4 8 9 10 11 10000 8000 4800 3636 12 19 25 1 4
6 7 8 9 10 11 12 20000 14000 9333 5600 2545 1167 6 12 19 1 12
3 9 10 11 30000 24300 14727 13 21 0 1 9
2 2 3 40000 21333 12 13 60 1 11
2 10 11 10000 7273 7 16 26 1 7
5 9 10 11 12 13 20000 16200 11455 6000 4154 11 19 21 1 8
2 8 9 30000 24000 6 13 18 1 12
1 1 40000 20 20 51 2 1 16
1 2 10000 13 14 29 1 14
3 6 7 8 20000 13714 10500 13 18 19 1 17
5 10 11 12 13 14 30000 21818 15000 9231 4286 22 31 0 1 18
5 8 9 10 11 12 40000 28444 19200 11636 8000 9 16 25 1 3
3 10 11 12 10000 8182 5833 19 28 37 1 10
1 8 20000 11 18 52 1 8
6 1 2 3 4 5 6 30000 12000 6000 3000 1800 500 13 13 50 1 17
5 5 6 7 8 9 40000 30000 17143 10000 6667 7 11 26 1 7
3 6 7 8 10000 7714 4500 17 22 51 1 20
2 8 9 20000 16000 14 21 54 1 15
3 1 2 3 30000 12000 6000 10 10 42 1 5
6 4 5 6 7 8 9 40000 28800 18667 9143 4000 1778 15 18 29 1 24
5 6 7 8 9 10 10000 7714 4500 3333 1800 9 14 45 1 13
5 1 2 3 4 5 20000 8000 4000 2000 1200 9 9 33 1 0
1 7 30000 14 20 30 1 22
6 6 7 8 9 10 11 40000 27429 18000 10667 4800 2182 15 20 45 1 36
1 7 10000 19 25 12 1 10
6 4 5 6 7 8 9 20000 12800 9333 5714 3000 889 21 24 51 1 23
6 4 5 6 7 8 9 30000 19200 14000 6857 3000 1333 20 23 33 2 21 34
6 10 11 12 13 14 15 40000 29091 23333 12308 5714 2667 15 24 46 1 36
4 8 9 10 11 10000 8000 5600 3636 10 17 23 1 5
1 7 20000 26 32 12 1 40
3 5 6 7 30000 20000 12857 9 13 29 1 3
5 2 3 4 5 6 40000 21333 12000 8000 4000 21 22 54 2 23 37
1 10 10000 32 41 0 2 22 26
3 10 11 12 20000 14545 10000 17 26 26 3 13 20 46
2 9 10 30000 21600 18 26 49 3 22 24 44
3 6 7 8 40000 27429 18000 14 19 50 1 30
1 4 10000 25 28 46 2 10 43
4 10 11 12 13 20000 16364 10000 7692 24 33 33 1 42
5 8 9 10 11 12 30000 21333 14400 8727 4000 9 16 35 1 13
2 7 8 40000 28000 19 25 19 2 25 31
1 7 10000 34 40 33 2 39 53
1 4 20000 23 26 54 2 18 47
1 3 30000 27 29 26 1 49
5 5 6 7 8 9 40000 26667 20000 10000 6667 21 25 30 1 38
3 4 5 6 10000 6400 4000 33 36 23 2 38 45
1 6 20000 19 24 29 1 35
4 5 6 7 8 30000 22500 12857 7500 20 24 21 2 21 44
6 1 2 3 4 5 6 40000 16000 8000 5000 2400 667 29 29 37 1 28
2 1 2 10000 4000 37 37 29 2 39 60
2 8 9 20000 14222 17 24 35 1 54
4 3 4 5 6 30000 18000 10800 7500 9 11 55 1 0
6 4 5 6 7 8 9 40000 25600 18667 9143 6000 1778 14 17 52 1 46
4 8 9 10 11 10000 7111 5600 2909 42 49 0 2 27 48
3 10 11 12 20000 14545 11667 25 34 29 1 61
6 7 8 9 10 11 12 30000 21000 16333 10500 3818 1750 10 16 33 1 37
3 8 9 10 40000 28444 19200 20 27 30 1 16
4 1 2 3 4 10000 4500 2000 1250 33 33 12 3 16 45 55
5 1 2 3 4 5 20000 9000 4667 2500 800 50 50 0 2 31 68
6 8 9 10 11 12 13 30000 24000 16800 8727 6000 1846 17 24 56 2 54 70
2 6 7 40000 30857 12 17 47 1 11
3 5 6 7 10000 6667 4286 14 18 53 2 6 30
6 4 5 6 7 8 9 20000 12800 9333 5714 3000 889 51 54 16 3 63 64 73
5 7 8 9 10 11 30000 23625 16333 10500 5727 25 31 47 2 43 76
1 2 40000 23 24 51 3 6 17 32
1 7 10000 30 36 39 3 14 25 63
6 5 6 7 8 9 10 20000 13333 10000 5000 2222 1000 37 41 23 3 27 60 65
5 8 9 10 11 12 30000 21333 16800 10909 4000 12 19 55 1 66
2 5 6 40000 26667 51 55 0 2 48 73
3 8 9 10 10000 7111 4800 17 24 33 2 15 70
6 2 3 4 5 6 7 20000 12000 6000 4000 1333 571 42 43 23 3 45 75 81
1 7 30000 42 48 27 2 72 81
3 4 5 6 40000 25600 16000 51 54 20 3 29 55 73
2 7 8 10000 7875 49 55 27 3 50 79 86
2 2 3 20000 12000 49 50 30 3 38 78 86
1 8 30000 28 35 30 3 21 71 84
3 10 11 12 40000 32727 20000 34 43 12 2 62 72
1 9 10000 36 44 30 3 35 75 90
2 5 6 20000 13333 30 34 39 2 11 63
2 8 9 30000 24000 44 51 12 2 59 91
5 8 9 10 11 12 40000 28444 19200 11636 5333 38 45 38 3 33 41 64
1 8 10000 56 63 0 3 48 58 83
1 2 20000 36 37 38 3 19 32 90
1 4 30000 20 23 50 3 51 66 67
5 4 5 6 7 8 40000 28800 16000 9143 4000 38 41 38 3 50 80 97
2 4 5 10000 7200 55 58 16 1 77
3 8 9 10 20000 14222 11200 55 62 20 3 62 77 87
1 6 30000 59 64 16 3 32 68 100
1 10 40000 64 73 0 3 69 94 96
3 10 11 12 10000 8182 5833 64 73 1 3 25 91 96
1 3 20000 26 28 55 3 29 59 74
1 10 30000 44 53 23 2 62 85
3 6 7 8 40000 30857 21000 42 47 33 3 61 81 82
1 4 10000 54 57 23 3 52 94 106
2 8 9 20000 16000 44 51 30 3 56 85 93
5 9 10 11 12 13 30000 21600 17182 11250 6231 74 82 1 3 52 92 104
4 1 2 3 4 40000 16000 9333 5000 42 42 38 3 14 58 99
2 8 9 10000 7111 74 81 0 3 36 98 103
1 2 20000 65 66 16 3 57 102 107
2 1 2 30000 12000 82 82 0 3 55 109 112
6 3 4 5 6 7 8 40000 24000 16800 8000 5143 1500 58 60 23 3 89 108 111
6 1 2 3 4 5 6 10000 4500 2333 1250 600 167 83 83 0 3 82 83 114
3 7 8 9 20000 15750 9333 83 89 1 3 95 105 110
1 8 30000 67 74 16 3 88 101 113
4 7 8 9 10 40000 28000 18667 14000 84 90 0 3 9 115 116