2000
20000
0.5
0.02
0.1
250000
0.005
120
0
1 6 10000 1 6 0 0
3 5 6 7 20000 15000 10000 1 5 5 0
6 8 9 10 11 12 13 30000 24000 16800 8727 6000 1846 1 8 2 0
1 2 40000 1 2 2 0
6 1 2 3 4 5 6 10000 4500 2333 1000 600 167 6 6 32 1 1
6 1 2 3 4 5 6 20000 8000 4000 2500 1200 333 9 9 12 1 2
1 5 30000 9 13 2 1 2
4 9 10 11 12 40000 28800 19636 15000 3 11 2 1 3
4 3 4 5 6 10000 6750 4200 2000 9 11 2 1 2
3 3 4 5 20000 13500 7200 14 16 2 1 6
2 1 2 30000 12000 6 6 11 1 1
4 7 8 9 10 40000 31500 21778 14000 6 12 5 1 1
5 8 9 10 11 12 10000 8000 5600 2909 2000 3 10 11 1 3
3 4 5 6 20000 12800 8000 7 10 12 1 0
6 7 8 9 10 11 12 30000 21000 16333 8400 5727 1750 17 23 4 1 9
4 9 10 11 12 40000 28800 19636 15000 13 21 5 1 11
3 5 6 7 10000 6667 4286 7 11 0 1 0
6 6 7 8 9 10 11 20000 13714 10500 5333 2400 1091 13 18 5 1 11
2 6 7 30000 20571 17 22 8 1 9
2 1 2 40000 18000 11 11 15 1 13
5 8 9 10 11 12 10000 8000 4800 2909 1333 11 18 12 1 13
4 3 4 5 6 20000 13500 7200 4000 7 9 17 1 0
6 1 2 3 4 5 6 30000 13500 7000 3750 1800 500 12 12 2 2 7 8
3 1 2 3 40000 18000 8000 7 7 18 1 10
6 8 9 10 11 12 13 10000 8000 5600 3636 1333 615 7 14 11 1 10
1 7 20000 12 18 0 1 16
1 9 30000 13 21 2 1 22
1 7 40000 17 23 2 1 9
2 7 8 10000 7000 14 20 17 1 6
6 6 7 8 9 10 11 20000 15429 9000 5333 3600 1091 22 27 2 2 17 26
6 4 5 6 7 8 9 30000 19200 14000 8571 3000 1333 23 26 8 1 18
3 9 10 11 40000 32400 22909 28 36 2 1 29
4 4 5 6 7 10000 7200 4000 2857 19 22 0 1 25
2 7 8 20000 15750 11 17 11 1 12
2 1 2 30000 12000 19 19 25 1 17
4 7 8 9 10 40000 31500 18667 11200 12 18 12 1 16
3 1 2 3 10000 4500 2000 7 7 32 1 4
5 3 4 5 6 7 20000 12000 7200 4000 1714 11 13 21 1 12
3 2 3 4 30000 18000 9000 12 13 44 1 16
3 7 8 9 40000 31500 18667 23 29 0 1 32
5 5 6 7 8 9 10000 7500 4286 2500 1111 7 11 32 1 10
1 3 20000 22 24 5 2 15 21
1 9 30000 18 26 11 1 33
1 2 40000 8 9 18 1 23
5 5 6 7 8 9 10000 7500 5000 3125 1667 18 22 17 1 33
3 9 10 11 20000 14400 11455 12 20 15 1 19
1 3 30000 30 32 0 1 39
3 8 9 10 40000 32000 19200 10 17 12 1 5
2 10 11 10000 7273 22 31 8 2 23 26
2 8 9 20000 14222 33 40 0 2 32 46
5 8 9 10 11 12 30000 24000 14400 8727 6000 19 26 16 2 25 37
4 1 2 3 4 40000 16000 8000 5000 27 27 30 2 8 42
2 3 4 10000 6000 3 5 34 1 3
4 10 11 12 13 20000 14545 11667 6154 24 33 2 3 24 27 32
2 7 8 30000 23625 10 16 22 1 5
1 7 40000 12 18 32 1 40
1 6 10000 25 30 5 2 41 47
5 6 7 8 9 10 20000 15429 10500 5333 2400 25 30 12 2 8 41
3 4 5 6 30000 19200 14000 31 34 7 1 56
6 6 7 8 9 10 11 40000 27429 21000 10667 7200 2182 13 18 17 1 11
2 3 4 10000 6750 34 36 2 1 53
5 1 2 3 4 5 20000 8000 4000 2500 800 19 19 19 1 35
3 5 6 7 30000 20000 15000 28 32 10 1 29
1 7 40000 37 43 2 2 20 31
5 4 5 6 7 8 10000 7200 4667 2286 1000 37 40 2 3 54 60 61
4 8 9 10 11 20000 14222 9600 5818 10 17 33 1 43
4 4 5 6 7 30000 21600 12000 6857 8 11 41 1 23
2 5 6 40000 26667 27 31 11 2 28 42
2 3 4 10000 6000 19 21 21 1 17
2 2 3 20000 12000 19 20 12 2 33 35
3 9 10 11 30000 24300 17182 24 32 13 1 14
1 3 40000 23 25 17 3 36 44 54
3 5 6 7 10000 6667 4286 24 28 4 2 14 43
3 4 5 6 20000 12800 8000 35 38 7 2 39 58
5 5 6 7 8 9 30000 20000 15000 7500 5000 19 23 12 1 20
2 5 6 40000 26667 39 43 10 1 73
2 3 4 10000 6000 32 34 8 2 48 52
2 3 4 20000 12000 21 23 37 3 24 45 66
4 8 9 10 11 30000 21333 14400 10909 35 42 8 2 53 76
2 8 9 40000 28444 24 31 12 3 25 47 74
6 1 2 3 4 5 6 10000 4500 2333 1250 600 167 19 19 34 2 52 55
2 4 5 20000 14400 29 32 8 2 6 72
4 9 10 11 12 30000 24300 17182 9000 19 27 17 1 59
2 10 11 40000 29091 33 42 0 3 46 69 72
1 5 10000 21 25 30 3 59 65 69
4 5 6 7 8 20000 15000 10000 6250 44 48 2 3 63 70 73
2 10 11 30000 24545 41 50 0 3 41 49 81
2 1 2 40000 16000 43 43 0 2 57 83
6 3 4 5 6 7 8 10000 6750 4200 2500 857 375 33 35 10 3 50 62 68
3 3 4 5 20000 13500 8400 51 53 0 3 55 85 86
6 4 5 6 7 8 9 30000 19200 12000 6857 3000 1333 35 38 9 3 19 37 76
2 1 2 40000 18000 27 27 8 1 30
2 5 6 10000 6667 27 31 26 2 30 74
1 2 20000 51 52 0 3 43 78 86
2 3 4 30000 18000 24 26 27 3 15 27 34
1 2 40000 43 44 0 2 67 83
3 5 6 7 10000 6667 5000 39 43 9 3 22 90 91
6 1 2 3 4 5 6 20000 9000 4667 2000 800 333 44 44 0 2 79 87
6 8 9 10 11 12 13 30000 21333 14400 8727 6000 1846 44 51 5 3 44 87 91
3 7 8 9 40000 28000 18667 41 47 2 3 48 64 71
5 9 10 11 12 13 10000 8100 5727 3750 1385 31 39 5 3 45 56 91
6 5 6 7 8 9 10 20000 13333 8571 6250 2222 1000 29 33 12 2 30 72
6 5 6 7 8 9 10 30000 20000 15000 7500 5000 1500 45 49 0 3 35 95 100
3 1 2 3 40000 16000 9333 44 44 14 3 51 87 100
2 6 7 10000 6857 53 58 0 3 7 66 93
1 4 20000 53 56 0 3 28 93 96
3 6 7 8 30000 20571 15750 50 55 0 3 5 99 102
3 2 3 4 40000 21333 14000 52 53 6 3 38 50 98
4 2 3 4 5 10000 5333 3000 1600 48 49 6 3 70 75 99
4 1 2 3 4 20000 9000 4000 2000 57 57 0 3 85 98 105
5 7 8 9 10 11 30000 21000 14000 10500 5727 59 65 0 3 60 103 104
5 8 9 10 11 12 40000 28444 19200 11636 8000 36 43 10 3 24 88 101
3 5 6 7 10000 6667 4286 56 60 0 3 84 106 108
6 6 7 8 9 10 11 20000 13714 9000 6667 2400 1091 44 49 10 3 80 94 111
2 2 3 30000 16000 54 55 0 3 22 63 89
5 6 7 8 9 10 40000 27429 18000 10667 4800 61 66 0 3 77 101 112
6 6 7 8 9 10 11 10000 7714 5250 3333 1200 545 54 59 6 3 90 107 113
4 4 5 6 7 20000 14400 8000 4571 45 48 0 3 34 82 97
2 2 3 30000 16000 58 59 0 3 29 92 109
3 9 10 11 40000 28800 19636 66 74 0 3 21 110 116