2000
20000
0.5
0.02
0.1
250000
0.005
120
0
1 7 10000 1 7 0 0
5 2 3 4 5 6 20000 12000 6000 4000 2000 1 2 29 0
2 9 10 30000 24300 1 9 21 0
3 9 10 11 40000 28800 22909 1 9 35 0
6 9 10 11 12 13 14 10000 7200 5727 3750 2077 643 8 16 0 1 0
5 4 5 6 7 8 20000 12800 9333 4571 3000 10 13 35 1 3
2 5 6 30000 20000 10 14 21 1 2
5 5 6 7 8 9 40000 26667 17143 12500 6667 8 12 25 1 0
6 5 6 7 8 9 10 10000 7500 4286 2500 1111 500 17 21 0 1 4
2 5 6 20000 13333 17 21 17 1 4
5 9 10 11 12 13 30000 21600 14727 11250 4154 17 25 12 1 4
6 10 11 12 13 14 15 40000 29091 23333 15385 8571 2667 22 31 0 1 8
3 1 2 3 10000 4000 2000 22 22 17 1 9
1 2 20000 22 23 16 2 7 8
2 3 4 30000 20250 14 16 46 1 5
3 10 11 12 40000 29091 20000 26 35 17 1 10
5 5 6 7 8 9 10000 6667 4286 3125 1111 10 14 37 1 2
2 4 5 20000 12800 3 6 29 1 1
5 3 4 5 6 7 30000 20250 10800 7500 2571 26 28 16 1 10
4 1 2 3 4 40000 18000 8000 5000 24 24 16 1 13
5 1 2 3 4 5 10000 4500 2000 1250 600 15 15 21 2 6 17
3 9 10 11 20000 16200 11455 24 32 16 2 12 13
2 7 8 30000 23625 32 38 0 1 11
2 1 2 40000 18000 29 29 16 1 18
4 8 9 10 11 10000 8000 4800 2909 32 39 11 1 11
6 8 9 10 11 12 13 20000 16000 11200 5818 4000 1231 15 22 37 1 16
5 7 8 9 10 11 30000 23625 16333 10500 5727 16 22 21 1 20
6 1 2 3 4 5 6 40000 16000 8000 4000 2400 667 3 3 55 1 1
4 2 3 4 5 10000 6000 3000 2000 29 30 22 1 18
3 3 4 5 20000 12000 7200 22 24 30 2 1 9
5 1 2 3 4 5 30000 13500 6000 3000 1200 39 39 0 1 22
3 5 6 7 40000 30000 17143 25 29 16 1 19
4 10 11 12 13 10000 7273 5833 3846 26 35 12 1 10
3 2 3 4 20000 12000 6000 22 23 22 1 8
1 4 30000 40 43 0 1 30
2 7 8 40000 28000 30 36 16 2 31 33
3 5 6 7 10000 7500 5000 40 44 11 1 24
4 6 7 8 9 20000 13714 9000 5333 30 35 16 1 23
6 9 10 11 12 13 14 30000 24300 17182 9000 4154 1929 29 37 29 1 18
2 8 9 40000 32000 36 43 12 1 32
1 2 10000 17 18 51 1 14
3 7 8 9 20000 15750 9333 10 16 63 1 3
1 7 30000 44 50 0 2 26 34
6 6 7 8 9 10 11 40000 30857 18000 13333 7200 2182 36 41 15 2 23 32
6 1 2 3 4 5 6 10000 4500 2333 1000 600 167 15 15 55 1 16
1 9 20000 31 39 24 2 28 29
2 4 5 30000 19200 36 39 13 2 5 32
4 8 9 10 11 40000 32000 19200 11636 36 43 16 1 37
3 4 5 6 10000 6400 4667 7 10 53 1 17
1 10 20000 40 49 13 1 30
3 8 9 10 30000 21333 14400 24 31 49 1 33
4 4 5 6 7 40000 25600 18667 9143 44 47 12 1 39
1 8 10000 45 52 11 1 36
1 5 20000 23 27 39 2 16 26
5 6 7 8 9 10 30000 23143 15750 10000 3600 36 41 45 1 15
3 4 5 6 40000 25600 18667 45 48 19 3 36 45 48
2 10 11 10000 8182 50 59 13 2 14 49
6 9 10 11 12 13 14 20000 16200 9818 6000 2769 1286 53 61 11 1 52
4 10 11 12 13 30000 21818 15000 11538 48 57 12 2 47 51
5 4 5 6 7 8 40000 25600 16000 9143 6000 33 36 26 3 6 21 27
6 3 4 5 6 7 8 10000 6750 3600 2000 1286 375 19 21 51 2 7 40
1 7 20000 33 39 16 1 21
2 10 11 30000 21818 30 39 41 2 20 31
2 7 8 40000 28000 24 30 33 1 33
3 3 4 5 10000 6750 3600 36 38 17 1 15
5 8 9 10 11 12 20000 14222 9600 5818 2667 10 17 60 1 3
5 7 8 9 10 11 30000 21000 14000 10500 3818 25 31 41 2 19 29
3 10 11 12 40000 32727 23333 40 49 39 2 46 64
6 8 9 10 11 12 13 10000 8000 5600 3636 2000 615 10 17 45 1 2
1 6 20000 42 47 15 1 43
4 9 10 11 12 30000 24300 14727 9000 44 52 32 2 11 34
4 6 7 8 9 40000 30857 18000 10667 31 36 33 1 63
3 5 6 7 10000 6667 5000 51 55 0 1 42
1 6 20000 30 35 36 1 31
5 7 8 9 10 11 30000 21000 14000 8400 5727 40 46 13 3 28 35 46
4 2 3 4 5 40000 21333 12000 6400 23 24 54 1 26
2 4 5 10000 7200 56 59 0 3 61 64 72
2 2 3 20000 12000 15 16 71 1 6
3 6 7 8 30000 20571 15750 60 65 13 3 43 56 60
3 3 4 5 40000 24000 16800 50 52 41 2 12 67
4 8 9 10 11 10000 8000 4800 3636 51 58 12 3 42 59 69
1 4 20000 40 43 27 1 30
1 3 30000 40 42 20 1 24
2 7 8 40000 28000 60 66 15 2 17 76
5 5 6 7 8 9 10000 7500 5000 2500 1667 40 44 32 2 45 73
5 7 8 9 10 11 20000 14000 9333 7000 2545 36 42 44 2 41 73
3 9 10 11 30000 24300 17182 38 46 30 3 35 38 68
6 4 5 6 7 8 9 40000 25600 18667 11429 4000 1778 18 21 45 2 0 68
3 4 5 6 10000 6400 4667 60 63 0 2 74 76
2 8 9 20000 14222 62 69 11 3 13 57 82
2 1 2 30000 12000 32 32 49 3 50 65 68
4 5 6 7 8 40000 30000 17143 10000 44 48 19 2 34 82
1 10 10000 50 59 37 3 49 85 90
2 8 9 20000 16000 66 73 13 3 74 78 88
1 6 30000 59 64 12 3 36 80 81
2 1 2 40000 18000 58 58 12 3 47 58 71
3 7 8 9 10000 7875 4667 49 55 19 3 55 61 91
6 2 3 4 5 6 7 20000 10667 6000 3200 2000 571 65 66 12 3 84 86 94
3 4 5 6 30000 19200 14000 45 48 36 3 45 62 84
1 4 40000 36 39 24 2 25 37
2 5 6 10000 6667 56 60 25 1 72
6 1 2 3 4 5 6 20000 9000 4000 2000 800 333 65 65 21 3 66 69 94
1 3 30000 74 76 13 3 54 93 94
6 9 10 11 12 13 14 40000 28800 22909 12000 8308 2571 64 72 0 3 21 88 99
3 4 5 6 10000 6400 4000 38 41 29 3 38 53 87
6 8 9 10 11 12 13 20000 16000 9600 5818 2667 1231 64 71 14 3 28 65 88
1 10 30000 59 68 12 3 44 95 104
2 5 6 40000 26667 66 70 23 3 39 67 101
1 10 10000 60 69 15 3 56 91 96
5 6 7 8 9 10 20000 15429 9000 5333 3600 73 78 0 3 59 66 103
5 8 9 10 11 12 30000 24000 16800 10909 6000 73 80 13 3 100 103 105
6 8 9 10 11 12 13 40000 32000 22400 11636 8000 2462 79 86 0 3 75 97 109
3 9 10 11 10000 7200 4909 67 75 15 3 72 83 90
4 10 11 12 13 20000 16364 10000 7692 70 79 11 3 66 89 106
2 9 10 30000 21600 43 51 45 3 19 77 82
4 6 7 8 9 40000 27429 18000 10667 70 75 15 3 70 98 108
3 3 4 5 10000 6750 4200 87 89 0 3 12 101 111
2 3 4 20000 12000 81 83 13 3 79 107 110
1 6 30000 80 85 11 3 112 113 115
6 7 8 9 10 11 12 40000 28000 21778 14000 5091 2333 90 96 0 3 70 102 116