2000
20000
0.5
0.02
0.1
250000
0.005
120
0
1 8 10000 1 8 0 0
3 1 2 3 20000 8000 4000 1 1 18 0
1 2 30000 1 2 26 0
1 2 40000 1 2 0 0
2 3 4 10000 6750 9 11 0 1 0
6 1 2 3 4 5 6 20000 9000 4667 2000 800 333 9 9 20 1 0
4 7 8 9 10 30000 21000 14000 10500 9 15 0 1 0
5 7 8 9 10 11 40000 28000 21778 11200 5091 3 9 24 1 3
3 1 2 3 10000 4500 2000 3 3 26 1 2
1 9 20000 12 20 0 1 4
4 6 7 8 9 30000 20571 15750 8000 3 8 0 1 3
1 10 40000 10 19 20 1 5
2 10 11 10000 7273 12 21 6 1 4
2 10 11 20000 16364 3 12 13 1 3
4 4 5 6 7 30000 21600 12000 6857 3 6 35 1 2
1 4 40000 9 12 0 1 10
2 5 6 10000 6667 3 7 43 1 2
2 2 3 20000 10667 21 22 21 1 9
4 4 5 6 7 30000 21600 12000 6857 2 5 18 1 1
6 7 8 9 10 11 12 40000 31500 21778 11200 5091 2333 21 27 0 1 9
3 5 6 7 10000 6667 4286 20 24 20 1 11
6 5 6 7 8 9 10 20000 15000 10000 5000 3333 1000 22 26 36 1 12
3 6 7 8 30000 20571 15750 6 11 18 1 18
6 1 2 3 4 5 6 40000 18000 8000 5000 2400 667 9 9 37 1 10
1 8 10000 22 29 6 1 12
1 6 20000 9 14 19 1 10
6 7 8 9 10 11 12 30000 21000 16333 8400 3818 1750 6 12 51 1 18
1 7 40000 10 16 24 2 1 7
6 4 5 6 7 8 9 10000 7200 4000 2857 1500 444 15 18 38 1 25
3 5 6 7 20000 15000 10000 10 14 37 1 23
1 4 30000 13 16 13 1 13
4 4 5 6 7 40000 28800 18667 9143 10 13 42 1 23
4 8 9 10 11 10000 7111 5600 2909 23 30 21 1 17
3 5 6 7 20000 15000 8571 21 25 13 1 9
3 6 7 8 30000 23143 13500 16 21 0 1 6
4 10 11 12 13 40000 29091 23333 15385 13 22 0 1 15
3 2 3 4 10000 6000 3500 8 9 43 1 16
6 9 10 11 12 13 14 20000 14400 11455 7500 2769 1286 17 25 24 1 27
1 8 30000 6 13 34 1 18
4 6 7 8 9 40000 30857 18000 13333 22 27 0 1 34
6 4 5 6 7 8 9 10000 6400 4667 2857 1000 444 23 26 30 3 30 35 36
2 4 5 20000 14400 14 17 34 1 38
3 8 9 10 30000 21333 16800 28 35 0 1 39
3 3 4 5 40000 24000 16800 23 25 34 1 17
3 7 8 9 10000 7875 4667 23 29 0 1 35
5 7 8 9 10 11 20000 15750 10889 5600 3818 17 23 13 2 8 30
5 7 8 9 10 11 30000 23625 14000 8400 5727 15 21 30 1 25
4 3 4 5 6 40000 24000 16800 10000 10 12 37 1 23
6 8 9 10 11 12 13 10000 8000 5600 3636 1333 615 36 43 0 2 24 42
5 2 3 4 5 6 20000 12000 7000 3200 2000 26 27 24 2 37 47
1 8 30000 7 14 35 1 14
5 2 3 4 5 6 40000 21333 12000 8000 2667 28 29 0 1 19
4 6 7 8 9 10000 7714 5250 3333 23 28 36 1 17
1 7 20000 15 21 35 2 5 50
3 10 11 12 30000 24545 15000 31 40 21 3 32 46 49
5 4 5 6 7 8 40000 28800 16000 11429 6000 27 30 36 1 21
5 7 8 9 10 11 10000 7000 5444 2800 1909 30 36 27 2 40 51
6 7 8 9 10 11 12 20000 14000 10889 5600 2545 1167 13 19 41 2 8 47
6 1 2 3 4 5 6 30000 12000 7000 3000 1800 500 44 44 14 2 39 48
3 7 8 9 40000 28000 18667 24 30 13 1 45
4 1 2 3 4 10000 4000 2333 1000 25 25 54 3 1 16 20
1 7 20000 28 34 29 2 28 49
4 3 4 5 6 30000 18000 12600 6000 22 24 35 1 53
6 5 6 7 8 9 10 40000 30000 17143 10000 4444 2000 30 34 32 3 28 38 44
5 2 3 4 5 6 10000 5333 3500 2000 667 22 23 37 1 53
5 5 6 7 8 9 20000 13333 10000 6250 3333 15 19 19 1 25
6 3 4 5 6 7 8 30000 20250 10800 7500 2571 1125 12 14 41 1 4
1 9 40000 30 38 0 1 51
5 9 10 11 12 13 10000 8100 4909 3000 1385 30 38 0 2 22 44
3 6 7 8 20000 13714 10500 10 15 71 1 5
3 10 11 12 30000 21818 15000 45 54 14 2 31 58
4 4 5 6 7 40000 28800 16000 11429 25 28 20 1 20
2 2 3 10000 6000 39 40 0 1 68
4 2 3 4 5 20000 10667 7000 3200 41 42 21 2 44 54
2 2 3 30000 18000 29 30 20 1 71
5 6 7 8 9 10 40000 27429 21000 13333 4800 37 42 27 3 30 56 64
2 7 8 10000 7000 43 49 21 2 7 73
2 4 5 20000 14400 39 42 17 3 31 66 68
6 4 5 6 7 8 9 30000 19200 14000 8571 3000 1333 14 17 52 1 38
3 1 2 3 40000 18000 8000 24 24 19 2 14 45
5 3 4 5 6 7 10000 6000 4200 2500 857 41 43 0 3 24 33 72
4 5 6 7 8 20000 13333 10000 6250 29 33 22 1 71
4 3 4 5 6 30000 20250 12600 7500 31 33 20 1 74
2 6 7 40000 27429 31 36 34 3 32 37 52
1 5 10000 34 38 43 2 35 81
2 6 7 20000 15429 10 15 45 1 36
2 10 11 30000 24545 35 44 29 2 61 79
5 1 2 3 4 5 40000 18000 8000 4000 1600 36 36 51 3 6 42 69
1 9 10000 44 52 0 2 48 59
3 5 6 7 20000 13333 8571 28 32 28 1 19
6 7 8 9 10 11 12 30000 21000 16333 8400 5727 1750 53 59 0 3 15 59 88
5 8 9 10 11 12 40000 28444 19200 14545 8000 34 41 20 3 33 46 82
3 1 2 3 10000 4500 2000 60 60 0 3 27 77 90
3 7 8 9 20000 14000 10889 42 48 20 3 47 68 91
6 4 5 6 7 8 9 30000 21600 12000 8571 4500 1333 18 21 34 3 14 29 41
1 9 40000 39 47 22 3 64 67 85
2 7 8 10000 7000 60 66 0 3 43 62 90
4 7 8 9 10 20000 15750 9333 5600 33 39 31 3 7 65 89
2 8 9 30000 21333 34 41 22 3 36 81 94
2 3 4 40000 24000 35 37 32 3 37 63 89
5 3 4 5 6 7 10000 6750 4200 2000 857 50 52 21 3 76 83 97
5 9 10 11 12 13 20000 16200 9818 7500 2769 49 57 22 3 63 77 93
5 1 2 3 4 5 30000 13500 6000 3000 1800 55 55 14 3 8 70 93
3 3 4 5 40000 27000 14400 61 63 0 3 57 89 92
1 2 10000 48 49 24 3 75 91 95
4 4 5 6 7 20000 14400 8000 5714 56 59 14 3 75 95 102
4 1 2 3 4 30000 13500 6000 3750 56 56 32 3 87 98 102
1 7 40000 67 73 0 3 55 94 96
6 4 5 6 7 8 9 10000 6400 4000 2857 1500 444 58 61 22 3 60 73 101
5 4 5 6 7 8 20000 14400 9333 4571 3000 43 46 27 3 77 78 99
4 8 9 10 11 30000 24000 14400 8727 60 67 14 3 75 83 105
3 10 11 12 40000 32727 23333 64 73 0 3 26 98 103
5 10 11 12 13 14 10000 7273 5833 3077 2143 74 83 0 3 86 100 107
1 6 20000 68 73 14 3 84 94 110
2 6 7 30000 23143 39 44 0 3 33 65 67
3 1 2 3 40000 16000 8000 74 74 14 3 16 97 113
1 5 10000 84 88 0 3 39 108 112
2 6 7 20000 15429 74 79 0 3 104 109 111
6 9 10 11 12 13 14 30000 24300 17182 11250 6231 1929 89 97 0 3 106 115 116
5 8 9 10 11 12 40000 32000 22400 11636 8000 44 51 0 3 45 79 80