2000
20000
0.5
0.02
0.1
250000
0.005
120
0
1 5 10000 1 5 16 0
4 7 8 9 10 20000 15750 9333 7000 1 7 12 0
6 10 11 12 13 14 15 30000 21818 15000 11538 4286 2000 1 10 0 0
6 5 6 7 8 9 10 40000 26667 20000 12500 4444 2000 1 5 20 0
1 6 10000 11 16 0 1 2
2 5 6 20000 13333 6 10 26 1 0
6 4 5 6 7 8 9 30000 19200 14000 6857 4500 1333 6 9 23 1 3
4 4 5 6 7 40000 28800 16000 9143 17 20 0 1 4
4 4 5 6 7 10000 6400 4667 2857 6 9 20 1 3
1 4 20000 10 13 23 1 6
1 10 30000 10 19 45 1 6
1 4 40000 11 14 26 1 5
2 6 7 10000 6857 8 13 21 1 1
3 6 7 8 20000 13714 9000 11 16 15 1 2
3 3 4 5 30000 18000 10800 10 12 25 1 6
1 3 40000 17 19 20 1 4
5 10 11 12 13 14 10000 7273 5833 3077 2143 8 17 12 1 1
6 7 8 9 10 11 12 20000 15750 9333 5600 2545 1167 17 23 16 1 13
2 5 6 30000 22500 18 22 12 1 16
1 6 40000 6 11 16 1 0
2 1 2 10000 4000 24 24 16 1 17
2 2 3 20000 10667 20 21 21 1 15
6 6 7 8 9 10 11 30000 23143 15750 8000 5400 1636 20 25 23 1 15
6 2 3 4 5 6 7 40000 21333 14000 6400 4000 1143 14 15 66 1 9
2 6 7 10000 7714 25 30 16 1 20
4 2 3 4 5 20000 10667 6000 4000 20 21 20 1 15
4 1 2 3 4 30000 12000 7000 3750 8 8 29 1 1
4 3 4 5 6 40000 24000 14400 8000 21 23 35 1 7
3 3 4 5 10000 6750 4200 26 28 24 2 14 22
1 4 20000 21 24 17 2 7 14
1 7 30000 14 20 23 1 9
2 9 10 40000 28800 21 29 0 1 7
3 4 5 6 10000 7200 4000 11 14 34 1 2
2 5 6 20000 15000 14 18 21 1 12
1 1 30000 14 14 34 1 9
4 3 4 5 6 40000 24000 16800 8000 22 24 28 1 21
2 1 2 10000 4000 10 10 63 1 8
2 1 2 20000 9000 25 25 24 2 20 34
4 8 9 10 11 30000 24000 14400 10909 12 19 16 1 19
4 7 8 9 10 40000 28000 18667 14000 30 36 0 2 8 31
3 1 2 3 10000 4500 2333 9 9 29 1 26
4 1 2 3 4 20000 8000 4000 2000 22 22 21 1 21
3 2 3 4 30000 16000 9000 22 23 20 1 25
3 9 10 11 40000 28800 22909 23 31 12 1 18
3 10 11 12 10000 8182 5833 6 15 39 1 0
2 1 2 20000 8000 29 29 36 3 10 28 33
2 7 8 30000 21000 25 31 26 2 3 29
4 7 8 9 10 40000 31500 21778 14000 17 23 15 1 13
6 3 4 5 6 7 8 10000 6750 4200 2000 1286 375 22 24 47 1 25
3 3 4 5 20000 13500 7200 16 18 39 2 12 44
3 7 8 9 30000 21000 16333 17 23 25 1 13
3 8 9 10 40000 28444 19200 25 32 19 1 20
3 10 11 12 10000 8182 5000 30 39 22 1 31
1 4 20000 32 35 12 3 30 42 43
1 8 30000 15 22 26 1 11
4 3 4 5 6 40000 24000 16800 10000 25 27 47 2 27 48
1 6 10000 20 25 16 1 38
1 10 20000 33 42 19 2 18 51
2 8 9 30000 21333 32 39 26 2 46 49
3 10 11 12 40000 32727 20000 24 33 15 3 4 40 47
1 9 10000 14 22 40 1 12
1 10 20000 26 35 23 1 22
3 7 8 9 30000 21000 14000 43 49 27 2 25 57
1 9 40000 37 45 0 1 39
4 8 9 10 11 10000 7111 5600 2909 36 43 12 1 53
1 4 20000 36 39 23 2 27 61
3 4 5 6 30000 19200 14000 19 22 21 1 33
6 3 4 5 6 7 8 40000 24000 16800 8000 5143 1500 43 45 19 2 52 57
6 5 6 7 8 9 10 10000 6667 5000 2500 1667 500 23 27 21 1 41
4 7 8 9 10 20000 15750 10889 7000 40 46 26 3 17 45 58
6 2 3 4 5 6 7 30000 18000 9000 4800 3000 857 32 33 51 1 43
3 4 5 6 40000 28800 18667 46 49 0 3 26 63 66
5 10 11 12 13 14 10000 8182 5000 3846 2143 28 37 47 2 55 68
1 5 20000 23 27 25 1 41
2 2 3 30000 16000 15 16 48 2 26 34
1 5 40000 26 30 16 2 29 56
2 7 8 10000 7875 29 35 24 3 22 28 73
2 5 6 20000 15000 23 27 21 1 66
2 4 5 30000 19200 23 26 45 1 41
2 6 7 40000 27429 46 51 14 3 35 63 76
4 6 7 8 9 10000 7714 4500 3333 25 30 28 2 32 35
6 9 10 11 12 13 14 20000 14400 9818 6000 4154 1286 44 52 12 1 64
5 5 6 7 8 9 30000 22500 12857 7500 5000 28 32 21 3 32 50 77
2 4 5 40000 25600 47 50 32 1 69
3 10 11 12 10000 8182 5833 31 40 16 3 24 56 75
1 9 20000 24 32 44 1 17
3 2 3 4 30000 16000 10500 27 28 45 2 50 78
3 2 3 4 40000 21333 14000 50 51 0 3 37 71 75
2 5 6 10000 7500 33 37 21 2 66 82
5 10 11 12 13 14 20000 14545 11667 7692 4286 23 32 41 1 18
6 7 8 9 10 11 12 30000 21000 16333 8400 3818 1750 52 58 0 3 14 19 87
3 5 6 7 40000 26667 17143 36 40 41 2 76 82
3 6 7 8 10000 6857 5250 38 43 21 2 80 88
3 8 9 10 20000 14222 11200 34 41 15 3 54 59 68
2 3 4 30000 18000 44 46 19 3 60 64 65
6 8 9 10 11 12 13 40000 28444 19200 14545 8000 2462 59 66 0 3 35 77 90
1 1 10000 50 50 27 3 51 61 62
3 9 10 11 20000 16200 11455 44 52 21 3 75 92 93
3 1 2 3 30000 13500 6000 67 67 6 3 65 69 95
5 10 11 12 13 14 40000 32727 23333 12308 8571 46 55 11 3 63 84 93
6 8 9 10 11 12 13 10000 7111 5600 3636 1333 615 52 59 14 2 79 94
2 5 6 20000 15000 67 71 0 3 80 95 99
5 4 5 6 7 8 30000 19200 12000 8571 3000 68 71 6 3 86 89 98
2 7 8 40000 28000 40 46 25 3 10 65 74
4 9 10 11 12 10000 8100 5727 3750 56 64 19 3 28 84 99
3 5 6 7 20000 13333 10000 60 64 14 3 36 84 100
3 2 3 4 30000 18000 9000 56 57 21 3 62 86 99
2 8 9 40000 28444 53 60 12 3 33 67 81
2 5 6 10000 7500 72 76 0 3 78 101 103
4 4 5 6 7 20000 12800 8000 5714 41 44 41 3 23 42 91
1 4 30000 53 56 21 3 73 82 97
3 4 5 6 40000 28800 18667 65 68 19 3 73 87 104
4 7 8 9 10 10000 7875 4667 3500 57 63 21 3 96 97 110
4 5 6 7 8 20000 15000 8571 6250 58 62 25 3 27 83 106
2 7 8 30000 21000 65 71 14 3 61 105 106
1 9 40000 77 85 0 3 37 85 108
2 5 6 10000 7500 61 65 12 3 39 48 107
5 3 4 5 6 7 20000 13500 8400 4000 2571 64 66 21 3 70 72 112
6 10 11 12 13 14 15 30000 21818 15000 9231 6429 2000 72 81 6 3 80 102 116
2 2 3 40000 21333 86 87 0 3 109 114 115