2000
20000
0.5
0.02
0.1
250000
0.005
120
0
1 10 10000 1 10 0 0
1 9 20000 1 9 8 0
1 4 30000 1 4 3 0
1 2 40000 1 2 0 0
4 5 6 7 8 10000 6667 5000 3125 11 15 0 1 0
3 9 10 11 20000 16200 11455 11 19 4 1 0
6 8 9 10 11 12 13 30000 24000 16800 8727 6000 1846 16 23 0 1 4
4 6 7 8 9 40000 27429 18000 13333 3 8 0 1 3
1 4 10000 24 27 0 1 6
3 3 4 5 20000 13500 7200 11 13 20 1 0
1 1 30000 9 9 0 1 7
3 9 10 11 40000 32400 22909 20 28 4 2 2 5
4 3 4 5 6 10000 6000 4200 2000 28 30 7 1 8
1 10 20000 10 19 8 1 1
5 7 8 9 10 11 30000 23625 14000 8400 3818 5 11 3 1 2
2 2 3 40000 24000 24 25 0 1 6
4 5 6 7 8 10000 6667 4286 3125 24 28 2 1 6
1 6 20000 12 17 3 1 14
1 4 30000 9 12 27 1 7
3 4 5 6 40000 28800 18667 10 13 0 1 10
4 6 7 8 9 10000 7714 5250 3333 29 34 4 1 11
5 1 2 3 4 5 20000 9000 4667 2000 1200 10 10 70 1 1
4 3 4 5 6 30000 18000 12600 7500 18 20 9 1 17
4 6 7 8 9 40000 30857 21000 10667 28 33 0 1 8
3 2 3 4 10000 5333 3000 26 27 0 1 15
4 10 11 12 13 20000 16364 11667 7692 14 23 0 1 19
5 5 6 7 8 9 30000 20000 15000 9375 3333 5 9 26 1 2
2 3 4 40000 27000 20 22 8 1 13
5 10 11 12 13 14 10000 7273 5833 3077 2143 24 33 0 1 25
1 1 20000 9 9 30 1 7
1 1 30000 35 35 23 3 5 11 20
1 2 40000 29 30 11 1 16
6 7 8 9 10 11 12 10000 7875 4667 3500 1909 583 23 29 8 1 27
3 5 6 7 20000 15000 8571 34 38 0 2 4 28
4 8 9 10 11 30000 21333 16800 8727 34 41 34 1 23
4 1 2 3 4 40000 18000 8000 5000 10 10 30 1 29
4 6 7 8 9 10000 6857 4500 3333 31 36 11 1 31
4 8 9 10 11 20000 14222 11200 7273 34 41 13 1 23
4 3 4 5 6 30000 18000 12600 6000 28 30 0 1 24
2 7 8 40000 28000 28 34 48 1 8
3 1 2 3 10000 4500 2333 29 29 19 1 16
3 5 6 7 20000 13333 8571 39 43 0 2 24 33
1 1 30000 21 21 9 1 22
5 7 8 9 10 11 40000 28000 18667 11200 7636 31 37 0 1 38
5 8 9 10 11 12 10000 8000 4800 3636 2000 10 17 58 1 10
6 4 5 6 7 8 9 20000 12800 9333 4571 2000 889 10 13 26 1 26
4 8 9 10 11 30000 24000 14400 8727 44 51 0 1 41
6 10 11 12 13 14 15 40000 32727 20000 15385 8571 2667 18 27 3 1 17
6 10 11 12 13 14 15 10000 8182 5833 3077 1429 667 30 39 19 1 40
5 9 10 11 12 13 20000 16200 11455 7500 2769 13 21 27 1 18
1 10 30000 20 29 13 1 13
4 3 4 5 6 40000 27000 16800 8000 42 44 13 3 10 28 37
1 10 10000 36 45 35 2 30 31
4 2 3 4 5 20000 10667 6000 4000 20 21 52 1 5
3 8 9 10 30000 24000 16800 22 29 9 2 19 42
3 1 2 3 40000 16000 8000 3 3 62 1 3
5 2 3 4 5 6 10000 5333 3000 2000 667 30 31 9 2 15 54
1 10 20000 39 48 0 1 33
2 9 10 30000 21600 45 53 13 1 51
2 10 11 40000 32727 52 61 0 3 22 40 46
4 10 11 12 13 10000 7273 5000 3077 32 41 16 2 19 56
2 5 6 20000 15000 22 26 52 2 17 53
1 7 30000 34 40 0 1 23
3 4 5 6 40000 28800 16000 14 17 20 1 9
5 10 11 12 13 14 10000 8182 5833 3077 2143 28 37 35 1 24
4 4 5 6 7 20000 12800 9333 4571 49 52 14 2 35 57
5 7 8 9 10 11 30000 23625 16333 8400 5727 28 34 3 1 47
5 1 2 3 4 5 40000 18000 8000 4000 1600 4 4 62 1 55
1 1 10000 35 35 43 2 56 66
2 9 10 20000 14400 38 46 44 3 12 53 64
4 6 7 8 9 30000 23143 13500 10000 54 59 13 1 58
3 9 10 11 40000 32400 19636 54 62 22 2 44 58
2 4 5 10000 6400 42 45 16 2 31 60
4 5 6 7 8 20000 13333 8571 6250 30 34 29 1 40
1 3 30000 60 62 13 1 70
1 8 40000 62 69 0 3 41 59 72
3 4 5 6 10000 7200 4667 41 44 29 2 32 62
3 10 11 12 20000 16364 11667 44 53 10 1 41
1 2 30000 35 36 3 2 12 66
2 10 11 40000 32727 40 49 19 3 30 33 48
5 8 9 10 11 12 10000 7111 5600 2909 2000 52 59 24 2 34 46
2 9 10 20000 14400 45 53 29 3 3 43 76
1 1 30000 35 35 4 1 20
2 3 4 40000 27000 30 32 40 1 50
6 5 6 7 8 9 10 10000 6667 5000 2500 1667 500 54 58 10 3 48 73 77
4 2 3 4 5 20000 12000 7000 4000 70 71 0 3 37 75 78
2 8 9 30000 24000 70 77 0 2 66 75
6 2 3 4 5 6 7 40000 21333 12000 8000 2667 1143 72 73 4 2 18 85
2 10 11 10000 8182 29 38 2 1 16
5 8 9 10 11 12 20000 14222 11200 5818 2667 37 44 3 3 45 78 82
3 6 7 8 30000 23143 15750 53 58 14 2 65 67
1 5 40000 72 76 2 3 76 84 85
4 2 3 4 5 10000 5333 3500 2000 41 42 0 3 22 35 62
2 6 7 20000 15429 77 82 2 3 11 61 91
1 1 30000 42 42 36 3 15 54 60
3 4 5 6 40000 25600 16000 54 57 29 3 25 39 81
4 2 3 4 5 10000 6000 3500 1600 77 78 2 3 68 91 94
3 4 5 6 20000 12800 8000 72 75 0 3 48 72 85
6 1 2 3 4 5 6 30000 12000 6000 3000 1200 500 45 45 3 3 36 62 89
1 6 40000 59 64 10 3 36 79 84
6 2 3 4 5 6 7 10000 6000 3500 1600 667 286 39 40 2 3 54 56 88
2 7 8 20000 14000 38 44 0 3 32 43 63
3 7 8 9 30000 21000 14000 76 82 8 3 59 80 97
1 8 40000 83 90 2 3 20 71 93
5 10 11 12 13 14 10000 7273 5833 3077 2143 78 87 0 3 13 86 87
2 9 10 20000 16200 59 67 14 3 64 83 90
2 1 2 30000 12000 79 79 2 3 21 94 96
6 6 7 8 9 10 11 40000 27429 18000 13333 7200 2182 65 70 10 3 25 46 99
3 1 2 3 10000 4000 2000 49 49 0 3 49 57 98
3 5 6 7 20000 15000 10000 76 80 0 3 73 74 97
4 5 6 7 8 30000 20000 12857 7500 88 92 0 3 29 99 104
6 9 10 11 12 13 14 40000 32400 19636 15000 5538 2571 71 79 20 3 69 99 107
5 7 8 9 10 11 10000 7000 4667 2800 1909 93 99 0 3 103 106 110
4 1 2 3 4 20000 8000 4000 2000 81 81 0 3 52 107 109
2 4 5 30000 21600 81 84 6 3 71 95 109
4 9 10 11 12 40000 32400 19636 15000 82 90 0 3 105 106 113
1 3 10000 100 102 0 3 68 111 112
2 10 11 20000 16364 91 100 0 3 102 114 115
3 5 6 7 30000 22500 15000 43 47 0 3 50 92 100
2 6 7 40000 30857 103 108 0 2 47 116