2000
20000
0.5
0.02
0.1
250000
0.005
120
0
1 10 10000 1 10 0 0
4 9 10 11 12 20000 14400 9818 7500 1 9 0 0
4 9 10 11 12 30000 21600 14727 9000 1 9 0 0
3 8 9 10 40000 32000 19200 1 8 0 0
4 1 2 3 4 10000 4000 2333 1250 11 11 0 1 0
6 9 10 11 12 13 14 20000 16200 11455 6000 2769 1286 10 18 0 1 1
4 3 4 5 6 30000 20250 12600 6000 10 12 0 1 2
4 7 8 9 10 40000 28000 18667 11200 9 15 0 1 3
2 10 11 10000 7273 11 20 2 1 0
6 4 5 6 7 8 9 20000 14400 9333 5714 2000 889 13 16 0 1 6
2 4 5 30000 19200 16 19 0 1 7
1 5 40000 16 20 4 1 7
2 10 11 10000 8182 12 21 0 1 4
5 7 8 9 10 11 20000 15750 9333 5600 2545 12 18 9 1 4
2 1 2 30000 12000 9 9 3 1 3
3 1 2 3 40000 18000 9333 17 17 0 1 9
6 1 2 3 4 5 6 10000 4500 2000 1000 400 167 12 12 21 1 4
5 7 8 9 10 11 20000 15750 9333 5600 2545 18 24 0 1 15
5 2 3 4 5 6 30000 18000 10500 4800 2000 20 21 1 1 10
3 3 4 5 40000 24000 14400 22 24 6 1 12
1 1 10000 16 16 14 1 7
6 8 9 10 11 12 13 20000 16000 9600 7273 2667 1231 10 17 3 1 14
1 10 30000 17 26 0 2 6 9
4 1 2 3 4 40000 18000 9333 4000 18 18 3 1 21
5 3 4 5 6 7 10000 6750 4200 2000 857 17 19 18 1 9
3 1 2 3 20000 8000 4667 19 19 9 2 1 13
4 4 5 6 7 30000 21600 12000 6857 21 24 4 1 11
4 3 4 5 6 40000 24000 14400 10000 11 13 12 1 0
1 7 10000 19 25 0 1 5
3 3 4 5 20000 12000 8400 22 24 0 2 12 14
1 6 30000 18 23 4 1 21
6 7 8 9 10 11 12 40000 28000 21778 14000 7636 2333 27 33 0 2 17 22
2 2 3 10000 6000 24 25 4 1 30
2 8 9 20000 14222 20 27 9 1 25
5 9 10 11 12 13 30000 21600 17182 11250 6231 14 22 12 1 27
3 6 7 8 40000 30857 21000 25 30 0 1 29
3 6 7 8 10000 6857 5250 20 25 0 1 10
5 4 5 6 7 8 20000 14400 9333 5714 3000 10 13 11 1 1
6 5 6 7 8 9 10 30000 22500 15000 7500 3333 1500 26 30 9 1 32
2 3 4 40000 27000 25 27 33 1 19
3 8 9 10 10000 8000 4800 22 29 1 1 18
4 8 9 10 11 20000 14222 11200 5818 26 33 27 1 36
6 10 11 12 13 14 15 30000 24545 17500 11538 4286 2000 25 34 4 1 26
6 5 6 7 8 9 10 40000 26667 20000 10000 6667 2000 25 29 25 1 26
3 4 5 6 10000 6400 4000 25 28 6 1 19
1 5 20000 31 35 0 2 35 40
2 2 3 30000 18000 21 22 2 1 8
6 4 5 6 7 8 9 40000 28800 18667 9143 4000 1778 29 32 14 1 44
4 6 7 8 9 10000 6857 5250 2667 36 41 7 1 45
2 9 10 20000 14400 19 27 4 1 5
4 10 11 12 13 30000 21818 17500 9231 20 29 12 2 15 25
4 7 8 9 10 40000 28000 18667 11200 19 25 3 1 23
1 6 10000 23 28 12 2 23 34
3 4 5 6 20000 12800 9333 17 20 14 1 20
1 2 30000 34 35 19 2 19 31
2 6 7 40000 27429 26 31 0 1 36
3 10 11 12 10000 7273 5000 28 37 9 1 33
1 3 20000 26 28 12 2 24 36
5 10 11 12 13 14 30000 21818 17500 9231 6429 13 22 11 1 6
4 5 6 7 8 40000 30000 17143 10000 26 30 3 1 51
5 7 8 9 10 11 10000 7000 5444 2800 1909 19 25 10 1 23
2 3 4 20000 13500 21 23 33 1 8
6 4 5 6 7 8 9 30000 21600 12000 6857 3000 1333 32 35 3 2 11 55
2 4 5 40000 28800 19 22 14 1 5
6 8 9 10 11 12 13 10000 7111 4800 2909 1333 615 32 39 0 2 40 55
1 1 20000 14 14 11 1 37
6 9 10 11 12 13 14 30000 21600 17182 11250 6231 1929 28 36 4 1 49
6 10 11 12 13 14 15 40000 32727 23333 12308 5714 2667 36 45 3 2 42 62
5 4 5 6 7 8 10000 6400 4000 2286 1500 36 39 3 2 17 45
6 9 10 11 12 13 14 20000 16200 9818 7500 2769 1286 36 44 0 1 45
3 3 4 5 30000 20250 12600 34 36 0 3 16 31 59
1 4 40000 26 29 10 2 51 60
2 1 2 10000 4000 40 40 8 2 33 68
5 8 9 10 11 12 20000 16000 9600 7273 2667 26 33 0 3 3 28 65
1 3 30000 25 27 0 3 17 18 46
3 6 7 8 40000 30857 21000 26 31 11 3 28 29 65
6 1 2 3 4 5 6 10000 4500 2000 1000 400 167 17 17 44 1 20
6 2 3 4 5 6 7 20000 12000 6000 3200 1333 571 45 46 0 3 46 69 70
3 7 8 9 30000 23625 16333 26 32 4 1 32
5 6 7 8 9 10 40000 27429 18000 10667 7200 29 34 6 2 44 53
4 2 3 4 5 10000 6000 3000 2000 37 38 0 3 63 70 78
4 2 3 4 5 20000 10667 7000 3200 28 29 14 1 49
1 3 30000 39 41 0 2 29 80
3 4 5 6 40000 25600 16000 40 43 0 3 38 64 71
2 1 2 10000 4500 29 29 12 2 52 57
1 7 20000 34 40 0 3 26 58 73
1 6 30000 39 44 4 3 66 75 80
4 6 7 8 9 40000 30857 21000 10667 42 47 7 3 32 38 48
4 6 7 8 9 10000 7714 5250 2667 39 44 4 1 80
1 3 20000 48 50 7 1 87
3 2 3 4 30000 16000 9000 42 43 0 3 50 82 84
2 6 7 40000 27429 36 41 19 3 8 43 54
5 5 6 7 8 9 10000 6667 5000 3125 1667 47 51 0 3 47 77 84
2 2 3 20000 12000 38 39 18 3 21 56 65
5 6 7 8 9 10 30000 23143 13500 8000 3600 40 45 3 2 68 70
3 8 9 10 40000 28444 22400 52 59 0 3 86 90 92
3 8 9 10 10000 7111 5600 37 44 4 3 52 57 66
1 1 20000 44 44 0 3 81 83 90
5 8 9 10 11 12 30000 21333 16800 8727 4000 40 47 7 3 10 56 64
6 8 9 10 11 12 13 40000 32000 22400 14545 5333 2462 47 54 2 3 77 88 94
5 7 8 9 10 11 10000 7875 5444 3500 1909 45 51 0 3 75 78 97
4 2 3 4 5 20000 10667 7000 4000 45 46 4 2 72 96
5 1 2 3 4 5 30000 13500 6000 3750 1200 52 52 0 3 34 75 100
4 2 3 4 5 40000 21333 14000 8000 46 47 3 3 58 67 86
1 10 10000 52 61 0 3 83 90 92
4 4 5 6 7 20000 14400 9333 4571 47 50 11 2 46 101
4 5 6 7 8 30000 22500 15000 9375 34 38 27 3 25 39 41
2 8 9 40000 32000 48 55 7 3 62 81 98
3 2 3 4 10000 5333 3000 48 49 3 3 86 101 103
3 2 3 4 20000 12000 7000 45 46 6 3 68 83 88
2 2 3 30000 18000 42 43 19 3 33 39 91
4 4 5 6 7 40000 25600 16000 11429 62 65 0 3 2 76 104
1 3 10000 60 62 0 3 69 82 95
6 5 6 7 8 9 10 20000 15000 8571 5000 2222 1000 62 66 0 3 71 104 105
6 4 5 6 7 8 9 30000 19200 14000 8571 4500 1333 53 56 0 3 102 108 109
2 7 8 40000 31500 41 47 0 3 58 79 85
1 8 10000 51 58 7 3 49 89 93
1 5 20000 57 61 0 3 61 99 114
5 6 7 8 9 10 30000 23143 15750 10000 3600 63 68 0 3 107 110 112
2 1 2 40000 16000 66 66 0 3 106 111 116