2000
20000
0.5
0.02
0.1
100000
0.005
120
0
1 5 10000 1 5 4 0
1 8 20000 1 8 0 0
6 5 6 7 8 9 10 30000 20000 12857 9375 3333 1500 1 5 8 0
6 3 4 5 6 7 8 40000 24000 16800 8000 5143 1500 1 3 0 0
1 4 10000 9 12 8 1 1
1 6 20000 4 9 0 1 3
2 8 9 30000 21333 9 16 0 1 1
2 3 4 40000 27000 6 8 39 1 0
2 2 3 10000 6000 13 14 8 1 4
3 10 11 12 20000 16364 10000 17 26 0 1 6
2 5 6 30000 22500 6 10 8 1 2
4 10 11 12 13 40000 32727 23333 12308 4 13 4 1 3
1 5 10000 10 14 37 1 5
4 6 7 8 9 20000 15429 9000 6667 10 15 53 1 5
1 8 30000 10 17 0 2 0 5
4 5 6 7 8 40000 26667 17143 10000 6 10 38 1 2
3 1 2 3 10000 4000 2333 15 15 8 1 8
3 5 6 7 20000 13333 8571 6 10 6 1 0
1 6 30000 18 23 0 2 11 14
5 1 2 3 4 5 40000 18000 8000 4000 1600 11 11 38 1 15
2 2 3 10000 5333 11 12 46 1 17
5 3 4 5 6 7 20000 13500 8400 5000 1714 17 19 24 1 6
1 9 30000 16 24 23 1 16
2 8 9 40000 32000 11 18 55 1 15
6 2 3 4 5 6 7 10000 6000 3500 1600 1000 286 6 7 49 1 2
2 9 10 20000 16200 25 33 23 1 22
1 1 30000 27 27 17 1 9
3 1 2 3 40000 16000 9333 11 11 50 1 10
5 9 10 11 12 13 10000 7200 5727 3000 2077 16 24 8 1 16
1 7 20000 8 14 64 1 24
3 10 11 12 30000 21818 17500 25 34 44 1 22
1 10 40000 27 36 0 1 9
2 1 2 10000 4000 25 25 8 1 28
2 3 4 20000 13500 24 26 64 1 18
2 4 5 30000 21600 26 29 8 1 32
5 1 2 3 4 5 40000 16000 9333 5000 2400 37 37 0 1 31
3 8 9 10 10000 8000 5600 20 27 24 1 21
5 6 7 8 9 10 20000 13714 9000 6667 2400 11 16 37 1 10
6 6 7 8 9 10 11 30000 20571 13500 8000 5400 1636 28 33 24 2 12 36
1 7 40000 38 44 0 2 34 35
2 10 11 10000 7273 14 23 43 1 11
3 6 7 8 20000 15429 10500 15 20 23 1 8
4 6 7 8 9 30000 20571 15750 8000 38 43 30 1 35
2 5 6 40000 26667 13 17 46 2 15 20
3 10 11 12 10000 7273 5000 25 34 22 1 28
3 3 4 5 20000 13500 8400 24 26 0 1 18
1 10 30000 11 20 8 1 10
5 6 7 8 9 10 40000 30857 18000 13333 4800 4 9 49 1 3
3 6 7 8 10000 7714 4500 15 20 59 1 12
3 4 5 6 20000 14400 8000 8 11 62 1 24
3 9 10 11 30000 24300 17182 45 53 0 2 26 39
3 6 7 8 40000 27429 21000 13 18 16 1 4
6 6 7 8 9 10 11 10000 7714 5250 2667 1800 545 12 17 38 1 19
1 6 20000 54 59 0 3 14 31 50
1 2 30000 54 55 0 2 46 50
1 10 40000 34 43 23 1 25
6 6 7 8 9 10 11 10000 7714 5250 2667 1800 545 13 18 25 1 4
2 1 2 20000 9000 34 34 41 1 25
3 9 10 11 30000 24300 14727 60 68 0 1 53
4 8 9 10 11 40000 28444 22400 11636 34 41 24 3 14 36 38
1 2 10000 27 28 0 2 8 45
3 7 8 9 20000 15750 10889 25 31 10 2 28 51
1 2 30000 12 13 50 1 27
5 3 4 5 6 7 40000 27000 14400 10000 5143 18 20 38 2 12 52
4 9 10 11 12 10000 7200 4909 3000 44 52 23 3 17 40 55
1 2 20000 32 33 10 1 61
1 8 30000 9 16 28 1 1
3 4 5 6 40000 25600 18667 60 63 0 1 53
4 6 7 8 9 10000 7714 5250 2667 17 22 37 1 37
6 3 4 5 6 7 8 20000 13500 8400 5000 1714 750 21 23 39 1 46
2 1 2 30000 13500 34 34 10 3 41 56 65
5 5 6 7 8 9 40000 30000 20000 10000 6667 11 15 6 1 17
6 8 9 10 11 12 13 10000 7111 4800 2909 1333 615 35 42 13 2 7 70
4 1 2 3 4 20000 9000 4667 2500 24 24 50 2 49 69
1 2 30000 64 65 0 3 43 62 67
3 8 9 10 40000 32000 22400 24 31 48 1 40
2 6 7 10000 7714 35 40 10 3 6 66 70
5 7 8 9 10 11 20000 14000 10889 7000 3818 16 22 6 1 71
6 4 5 6 7 8 9 30000 19200 12000 6857 4500 1333 27 30 64 2 22 33
3 1 2 3 40000 18000 8000 44 44 30 2 23 42
5 7 8 9 10 11 10000 7875 5444 3500 1273 56 62 13 2 13 54
5 9 10 11 12 13 20000 14400 11455 7500 4154 34 42 26 3 37 65 68
4 5 6 7 8 30000 20000 15000 7500 41 45 10 1 76
5 3 4 5 6 7 40000 24000 14400 8000 3429 45 47 18 3 39 69 77
4 1 2 3 4 10000 4000 2333 1250 56 56 0 3 54 72 82
1 5 20000 21 25 54 2 11 41
3 8 9 10 30000 24000 14400 60 67 24 2 53 82
1 2 40000 32 33 49 3 21 47 61
1 1 10000 53 53 32 2 64 69
6 8 9 10 11 12 13 20000 14222 9600 7273 2667 1231 32 39 48 3 7 48 75
4 2 3 4 5 30000 16000 10500 6000 57 58 0 3 24 44 84
4 3 4 5 6 40000 24000 14400 10000 54 56 32 3 37 56 88
1 10 10000 66 75 0 3 59 74 83
3 8 9 10 20000 14222 11200 63 70 13 3 20 57 80
3 2 3 4 30000 18000 9000 69 70 9 3 58 79 81
2 4 5 40000 28800 59 62 0 3 47 63 90
1 3 10000 76 78 0 3 41 45 92
2 7 8 20000 14000 69 75 0 2 58 81
4 9 10 11 12 30000 21600 14727 11250 79 87 1 3 85 94 96
4 5 6 7 8 40000 30000 17143 10000 76 80 0 3 26 64 97
5 9 10 11 12 13 10000 7200 4909 3000 1385 59 67 22 2 71 90
6 5 6 7 8 9 10 20000 13333 8571 6250 2222 1000 45 49 30 2 73 79
3 2 3 4 30000 18000 9000 81 82 0 2 16 99
6 10 11 12 13 14 15 40000 29091 20000 12308 8571 2667 79 88 0 3 29 30 96
2 10 11 10000 7273 71 80 13 3 18 84 93
1 6 20000 83 88 9 3 32 86 102
1 7 30000 81 87 0 2 96 99
2 3 4 40000 24000 50 52 30 3 21 55 101
2 7 8 10000 7000 88 94 1 3 54 98 99
3 9 10 11 20000 14400 11455 68 76 22 3 82 100 101
5 1 2 3 4 5 30000 12000 7000 3750 1800 29 29 0 3 46 60 77
6 9 10 11 12 13 14 40000 28800 19636 15000 8308 2571 89 97 0 3 43 91 103
1 6 10000 88 93 0 3 26 89 106
3 1 2 3 20000 8000 4667 98 98 0 3 86 105 111
3 2 3 4 30000 16000 9000 94 95 0 3 32 59 112
3 5 6 7 40000 26667 20000 81 85 13 3 68 85 104
1 1 10000 43 43 52 3 78 81 85
1 6 20000 99 104 0 3 109 113 115
4 4 5 6 7 30000 21600 12000 8571 96 99 0 3 108 114 116
4 2 3 4 5 40000 24000 14000 8000 83 84 0 3 87 102 107