2000
20000
0.5
0.02
0.1
250000
0.005
120
0
1 8 10000 1 8 17 0
3 1 2 3 20000 8000 4667 1 1 41 0
6 8 9 10 11 12 13 30000 21333 14400 8727 4000 1846 1 8 0 0
1 3 40000 1 3 37 0
6 8 9 10 11 12 13 10000 8000 4800 2909 2000 615 9 16 5 1 2
4 10 11 12 13 20000 16364 11667 6154 9 18 0 1 2
3 10 11 12 30000 21818 15000 17 26 10 1 4
1 1 40000 17 17 36 1 4
3 8 9 10 10000 7111 4800 17 24 5 1 4
4 4 5 6 7 20000 14400 9333 4571 9 12 17 1 0
5 3 4 5 6 7 30000 18000 10800 7500 3857 4 6 38 1 3
5 2 3 4 5 6 40000 21333 14000 6400 4000 27 28 10 1 6
3 8 9 10 10000 7111 5600 9 16 13 1 2
4 3 4 5 6 20000 12000 7200 4000 25 27 18 1 8
1 1 30000 18 18 36 1 7
3 5 6 7 40000 26667 20000 13 17 17 1 9
1 3 10000 4 6 53 1 3
5 1 2 3 4 5 20000 8000 4667 2500 800 25 25 13 1 8
4 6 7 8 9 30000 20571 13500 10000 19 24 0 1 5
6 4 5 6 7 8 9 40000 25600 16000 11429 6000 1778 26 29 13 1 17
2 9 10 10000 7200 13 21 19 1 9
3 4 5 6 20000 12800 9333 18 21 62 1 7
5 8 9 10 11 12 30000 21333 14400 10909 4000 25 32 0 1 18
2 5 6 40000 26667 4 8 37 1 3
5 7 8 9 10 11 10000 7875 4667 2800 1273 19 25 79 1 5
3 1 2 3 20000 8000 4667 7 7 77 1 16
2 8 9 30000 21333 18 25 17 1 15
1 8 40000 17 24 20 1 12
2 3 4 10000 6750 7 9 58 1 16
4 3 4 5 6 20000 12000 7200 4000 30 32 13 1 19
4 4 5 6 7 30000 19200 12000 6857 17 20 13 1 12
6 4 5 6 7 8 9 40000 25600 18667 9143 4000 1778 25 28 5 1 8
3 8 9 10 10000 8000 5600 33 40 0 1 22
2 5 6 20000 15000 19 23 41 1 5
6 9 10 11 12 13 14 30000 21600 14727 9000 6231 1929 29 37 5 2 30 31
1 4 40000 25 28 26 1 27
5 3 4 5 6 7 10000 6750 3600 2000 1286 19 21 36 2 7 14
5 8 9 10 11 12 20000 14222 11200 5818 4000 17 24 67 1 12
1 4 30000 22 25 19 1 20
2 9 10 40000 28800 41 49 0 1 32
6 3 4 5 6 7 8 10000 6000 4200 2000 857 375 25 27 87 1 37
4 4 5 6 7 20000 14400 9333 5714 50 53 0 2 29 39
3 5 6 7 30000 20000 15000 26 30 19 3 10 27 38
3 9 10 11 40000 28800 22909 38 46 5 3 1 26 34
3 6 7 8 10000 7714 5250 22 27 36 2 10 36
6 9 10 11 12 13 14 20000 16200 11455 6000 4154 1286 7 15 53 1 16
1 6 30000 50 55 0 2 39 42
6 7 8 9 10 11 12 40000 31500 18667 14000 5091 2333 22 28 52 1 20
6 7 8 9 10 11 12 10000 7875 4667 2800 1273 583 29 35 27 1 35
3 3 4 5 20000 12000 7200 21 23 76 1 30
1 3 30000 9 11 37 1 23
2 1 2 40000 16000 29 29 35 3 31 35 44
5 7 8 9 10 11 10000 7875 4667 2800 1909 33 39 13 2 13 29
5 6 7 8 9 10 20000 15429 10500 5333 2400 56 61 24 2 30 46
1 10 30000 29 38 10 1 11
2 6 7 40000 30857 27 32 19 1 6
1 6 10000 29 34 26 1 35
5 8 9 10 11 12 20000 14222 9600 7273 4000 30 37 36 1 19
3 4 5 6 30000 21600 14000 25 28 40 2 1 18
4 9 10 11 12 40000 32400 19636 12000 47 55 5 2 43 55
2 4 5 10000 7200 54 57 0 1 41
3 3 4 5 20000 13500 7200 56 58 0 2 14 46
3 7 8 9 30000 21000 16333 39 45 10 2 50 54
3 6 7 8 40000 27429 21000 36 41 27 2 29 48
1 8 10000 33 40 36 2 22 58
6 9 10 11 12 13 14 20000 16200 9818 7500 4154 1286 35 43 26 1 56
6 8 9 10 11 12 13 30000 21333 16800 10909 4000 1846 31 38 60 2 42 51
2 4 5 40000 25600 62 65 38 3 17 49 53
6 1 2 3 4 5 6 10000 4000 2000 1000 600 167 59 59 27 2 28 61
4 7 8 9 10 20000 14000 9333 7000 58 64 0 3 19 31 60
6 2 3 4 5 6 7 30000 16000 9000 6000 3000 857 59 60 0 1 61
1 7 40000 8 14 77 1 25
6 4 5 6 7 8 9 10000 7200 4000 2286 1000 444 66 69 38 1 67
3 4 5 6 20000 14400 9333 61 64 0 2 59 70
4 3 4 5 6 30000 18000 12600 7500 13 15 61 1 9
3 1 2 3 40000 16000 9333 58 58 0 2 15 60
3 2 3 4 10000 6000 3000 46 47 10 1 62
6 2 3 4 5 6 7 20000 10667 7000 4000 2000 571 9 10 42 1 0
1 2 30000 18 19 63 1 15
5 9 10 11 12 13 40000 28800 19636 15000 8308 65 73 0 2 69 76
4 1 2 3 4 10000 4000 2333 1000 22 22 69 1 21
2 7 8 20000 15750 74 80 0 2 57 79
3 8 9 10 30000 24000 14400 38 45 30 2 28 34
1 4 40000 65 68 0 3 33 51 73
6 3 4 5 6 7 8 10000 6000 3600 2500 1286 375 81 83 11 3 37 44 81
2 7 8 20000 15750 61 67 16 3 64 70 74
5 2 3 4 5 6 30000 18000 10500 6000 2000 12 13 65 2 10 50
1 3 40000 84 86 25 2 22 84
2 2 3 10000 6000 84 85 11 2 84 85
2 5 6 20000 13333 81 85 0 3 39 51 81
6 10 11 12 13 14 15 30000 24545 17500 11538 6429 2000 68 77 31 2 13 85
4 6 7 8 9 40000 27429 21000 13333 40 45 13 2 52 77
4 6 7 8 9 10000 7714 5250 2667 44 49 26 1 65
2 4 5 20000 12800 42 45 37 3 57 63 86
6 7 8 9 10 11 12 30000 23625 16333 10500 3818 1750 69 75 0 3 45 63 83
2 1 2 40000 16000 86 86 0 3 53 89 93
5 3 4 5 6 7 10000 6750 3600 2500 857 44 46 37 3 58 65 74
3 1 2 3 20000 9000 4667 87 87 0 3 57 68 95
5 4 5 6 7 8 30000 19200 12000 6857 3000 59 62 0 3 20 75 91
1 5 40000 59 63 33 3 71 75 80
6 1 2 3 4 5 6 10000 4500 2000 1250 400 167 58 58 0 3 60 76 77
4 9 10 11 12 20000 16200 11455 7500 88 96 0 3 33 94 97
1 1 30000 81 81 27 2 72 81
5 7 8 9 10 11 40000 31500 21778 14000 7636 76 82 0 3 82 92 94
1 3 10000 68 70 16 3 21 85 96
2 6 7 20000 13714 86 91 13 3 52 66 89
5 2 3 4 5 6 30000 16000 9000 4800 2000 87 88 25 2 87 92
4 6 7 8 9 40000 27429 21000 13333 65 70 16 3 47 73 91
2 8 9 10000 8000 97 104 0 3 48 88 101
4 6 7 8 9 20000 13714 10500 6667 82 87 27 3 61 90 102
3 10 11 12 30000 21818 17500 105 114 0 3 24 99 108
2 10 11 40000 29091 105 114 0 3 48 105 108
1 2 10000 89 90 25 3 92 103 106
6 6 7 8 9 10 11 20000 13714 9000 6667 2400 1091 26 31 83 3 14 18 24
1 4 30000 83 86 0 3 78 93 103
5 1 2 3 4 5 40000 16000 8000 5000 1600 115 115 0 3 59 109 110
4 5 6 7 8 10000 6667 4286 3125 87 91 0 3 104 107 114
2 9 10 20000 14400 97 105 0 3 97 99 101
4 2 3 4 5 30000 16000 9000 6000 116 117 0 3 65 112 115
4 2 3 4 5 40000 24000 14000 6400 115 116 0 3 40 111 113