2000
20000
0.5
0.02
0.1
250000
0.005
120
0
1 5 10000 1 5 49 0
2 2 3 20000 12000 1 2 6 0
2 10 11 30000 24545 1 10 0 0
4 4 5 6 7 40000 25600 16000 9143 1 4 27 0
3 3 4 5 10000 6750 3600 11 13 0 1 2
1 1 20000 3 3 31 1 1
3 7 8 9 30000 21000 16333 5 11 27 1 3
5 9 10 11 12 13 40000 32400 22909 12000 5538 3 11 6 1 1
3 7 8 9 10000 7875 5444 3 9 40 1 1
6 10 11 12 13 14 15 20000 16364 10000 6154 4286 1333 4 13 31 1 5
2 2 3 30000 16000 12 13 27 1 6
2 2 3 40000 21333 12 13 27 1 6
1 2 10000 14 15 27 1 10
3 2 3 4 20000 10667 6000 12 13 6 1 7
5 1 2 3 4 5 30000 12000 6000 3000 1800 14 14 0 1 4
4 10 11 12 13 40000 29091 23333 12308 14 23 26 1 13
5 1 2 3 4 5 10000 4500 2000 1000 400 15 15 0 1 14
2 6 7 20000 15429 14 19 41 1 4
2 7 8 30000 23625 14 20 39 1 13
1 5 40000 14 18 6 1 13
3 5 6 7 10000 7500 4286 14 18 27 1 11
5 9 10 11 12 13 20000 16200 11455 7500 2769 19 27 6 1 19
2 10 11 30000 24545 12 21 27 1 6
1 9 40000 28 36 6 1 21
3 6 7 8 10000 6857 4500 14 19 34 1 4
3 9 10 11 20000 16200 9818 14 22 31 1 9
2 2 3 30000 18000 16 17 0 1 16
2 4 5 40000 28800 16 19 27 1 12
3 6 7 8 10000 7714 4500 11 16 48 1 2
6 3 4 5 6 7 8 20000 13500 8400 4000 1714 750 18 20 4 1 26
6 5 6 7 8 9 10 30000 22500 12857 9375 3333 1500 24 28 26 2 8 15
2 1 2 40000 16000 14 14 61 1 9
1 3 10000 4 6 56 1 5
3 3 4 5 20000 12000 8400 21 23 25 1 29
5 9 10 11 12 13 30000 21600 17182 9000 6231 4 12 40 1 5
1 8 40000 29 36 26 1 30
2 6 7 10000 6857 24 29 25 1 33
5 5 6 7 8 9 20000 13333 8571 6250 2222 21 25 4 1 29
2 2 3 30000 18000 22 23 38 1 22
4 1 2 3 4 40000 18000 8000 5000 18 18 0 1 26
3 6 7 8 10000 7714 5250 28 33 12 1 21
6 7 8 9 10 11 12 20000 14000 10889 7000 3818 1167 13 19 40 1 34
3 9 10 11 30000 24300 17182 14 22 28 1 11
5 9 10 11 12 13 40000 32400 19636 15000 8308 16 24 43 1 12
2 8 9 10000 7111 19 26 27 1 20
3 10 11 12 20000 14545 11667 19 28 0 1 39
4 5 6 7 8 30000 22500 12857 9375 26 30 29 1 37
5 8 9 10 11 12 40000 28444 19200 11636 5333 10 17 53 1 8
5 7 8 9 10 11 10000 7000 5444 2800 1909 29 35 0 1 45
3 2 3 4 20000 10667 7000 15 16 34 1 14
2 9 10 30000 24300 20 28 41 1 17
3 5 6 7 40000 30000 17143 31 35 29 2 18 46
5 4 5 6 7 8 10000 7200 4000 2857 1000 22 25 31 1 22
1 3 20000 5 7 60 1 3
2 8 9 30000 21333 14 21 32 1 9
1 4 40000 16 19 35 1 12
6 8 9 10 11 12 13 10000 7111 5600 3636 2000 615 36 43 0 1 48
5 5 6 7 8 9 20000 13333 10000 6250 3333 29 33 19 1 45
1 5 30000 10 14 45 1 8
3 4 5 6 40000 25600 18667 37 40 6 1 23
1 9 10000 27 35 35 1 44
5 3 4 5 6 7 20000 12000 7200 5000 1714 34 36 19 1 57
4 9 10 11 12 30000 21600 14727 9000 26 34 4 1 37
2 6 7 40000 30857 29 34 41 2 24 50
3 5 6 7 10000 6667 5000 44 48 0 1 56
1 5 20000 22 26 27 1 22
5 4 5 6 7 8 30000 21600 14000 8571 4500 35 38 4 1 62
5 3 4 5 6 7 40000 24000 14400 10000 3429 16 18 57 1 16
5 3 4 5 6 7 10000 6000 3600 2500 857 17 19 34 1 49
2 1 2 20000 8000 23 23 31 2 24 25
5 5 6 7 8 9 30000 22500 15000 9375 3333 20 24 43 2 27 32
1 7 40000 29 35 36 1 30
3 4 5 6 10000 6400 4000 34 37 32 1 57
2 6 7 20000 15429 20 25 46 1 27
4 2 3 4 5 30000 16000 10500 4800 28 29 32 2 21 65
1 1 40000 27 27 27 2 54 65
4 4 5 6 7 10000 6400 4667 2286 17 20 48 1 28
5 8 9 10 11 12 20000 16000 9600 5818 4000 30 37 25 1 36
5 7 8 9 10 11 30000 23625 16333 10500 3818 37 43 19 2 26 61
3 7 8 9 40000 28000 21778 41 47 6 2 27 59
1 4 10000 23 26 28 1 42
4 10 11 12 13 20000 16364 10000 6154 21 30 39 2 18 58
4 8 9 10 11 30000 21333 14400 8727 28 35 27 3 0 69 75
4 6 7 8 9 40000 30857 18000 13333 39 44 4 1 66
6 1 2 3 4 5 6 10000 4500 2000 1250 400 167 20 20 40 1 41
3 9 10 11 20000 16200 11455 48 56 6 3 44 68 79
2 2 3 30000 16000 14 15 60 1 11
5 4 5 6 7 8 40000 28800 18667 11429 6000 24 27 37 1 33
5 2 3 4 5 6 10000 6000 3500 2000 667 25 26 43 2 43 53
3 7 8 9 20000 14000 10889 16 22 51 1 16
1 8 30000 38 45 25 2 35 77
4 2 3 4 5 40000 24000 12000 8000 26 27 31 1 52
4 1 2 3 4 10000 4000 2333 1250 36 36 34 3 51 58 81
6 6 7 8 9 10 11 20000 15429 10500 6667 3600 1091 49 54 0 3 3 64 83
5 9 10 11 12 13 30000 21600 14727 9000 6231 34 42 12 1 40
2 10 11 40000 29091 55 64 0 3 55 80 93
2 4 5 10000 6400 38 41 32 2 72 88
4 3 4 5 6 20000 12000 8400 4000 22 24 47 2 54 76
5 4 5 6 7 8 30000 19200 14000 8571 3000 35 38 41 3 31 63 86
4 2 3 4 5 40000 21333 14000 6400 28 29 31 1 91
2 6 7 10000 6857 43 48 12 1 94
6 6 7 8 9 10 11 20000 13714 10500 5333 3600 1091 65 70 0 2 83 95
2 6 7 30000 23143 55 60 19 3 36 89 93
3 10 11 12 40000 32727 20000 49 58 12 3 84 99 100
5 10 11 12 13 14 10000 7273 5833 3846 1429 30 39 32 2 38 74
4 6 7 8 9 20000 15429 9000 5333 36 41 29 3 41 51 87
2 5 6 30000 20000 36 40 27 1 82
1 8 40000 57 64 6 3 48 78 85
3 7 8 9 10000 7000 5444 30 36 40 2 2 99
2 4 5 20000 12800 41 44 27 3 70 91 106
4 3 4 5 6 30000 20250 12600 7500 46 48 28 3 41 90 96
1 10 40000 46 55 25 2 29 90
2 5 6 10000 7500 42 46 29 3 74 99 105
3 5 6 7 20000 13333 10000 65 69 6 3 60 103 107
5 9 10 11 12 13 30000 21600 17182 9000 4154 45 53 27 3 71 104 109
5 8 9 10 11 12 40000 28444 19200 11636 5333 48 55 24 3 73 79 97
4 1 2 3 4 10000 4500 2000 1250 70 70 6 3 67 112 113
3 1 2 3 20000 8000 4000 61 61 19 3 98 102 115
4 4 5 6 7 30000 19200 12000 8571 71 74 6 3 108 110 116
3 10 11 12 40000 29091 23333 71 80 0 3 47 92 101