2000
20000
0.5
0.02
0.1
250000
0.005
120
0
1 8 10000 1 8 0 0
1 4 20000 1 4 16 0
4 3 4 5 6 30000 18000 12600 7500 1 3 18 0
2 3 4 40000 27000 1 3 33 0
3 4 5 6 10000 7200 4000 9 12 0 1 0
6 7 8 9 10 11 12 20000 15750 10889 7000 2545 1167 5 11 32 1 1
3 8 9 10 30000 24000 14400 13 20 0 1 4
2 7 8 40000 28000 4 10 20 1 2
6 1 2 3 4 5 6 10000 4000 2333 1250 600 167 4 4 33 1 3
1 9 20000 9 17 8 1 0
1 7 30000 21 27 0 1 6
6 3 4 5 6 7 8 40000 27000 14400 8000 5143 1500 12 14 32 1 5
2 5 6 10000 6667 13 17 18 1 4
2 8 9 20000 14222 5 12 33 1 8
5 4 5 6 7 8 30000 19200 12000 8571 4500 18 21 8 1 9
2 1 2 40000 18000 28 28 9 1 10
6 7 8 9 10 11 12 10000 7000 5444 3500 1273 583 4 10 57 1 3
1 5 20000 4 8 24 1 2
1 10 30000 5 14 16 1 1
6 5 6 7 8 9 10 40000 26667 17143 12500 4444 2000 22 26 30 1 14
2 7 8 10000 7000 4 10 18 1 2
6 6 7 8 9 10 11 20000 15429 10500 6667 2400 1091 9 14 64 1 0
1 9 30000 15 23 16 2 7 18
3 9 10 11 40000 28800 19636 11 19 33 1 20
5 4 5 6 7 8 10000 7200 4000 2286 1000 13 16 33 1 13
1 5 20000 11 15 34 1 7
1 6 30000 15 20 32 1 11
2 9 10 40000 32400 11 19 18 1 20
1 8 10000 9 16 36 1 17
1 3 20000 24 26 16 1 22
5 6 7 8 9 10 30000 20571 13500 10000 5400 22 27 8 1 14
5 8 9 10 11 12 40000 32000 19200 11636 8000 22 29 20 1 14
4 3 4 5 6 10000 6750 3600 2000 9 11 24 1 17
6 5 6 7 8 9 10 20000 15000 8571 5000 2222 1000 27 31 42 1 29
4 10 11 12 13 30000 21818 17500 9231 17 26 33 2 24 25
6 3 4 5 6 7 8 40000 27000 14400 8000 5143 1500 5 7 59 1 1
6 10 11 12 13 14 15 10000 8182 5000 3846 2143 667 28 37 2 2 9 10
5 2 3 4 5 6 20000 10667 6000 3200 1333 28 29 8 3 12 30 32
1 7 30000 21 27 49 1 6
1 10 40000 38 47 19 3 13 19 36
5 1 2 3 4 5 10000 4500 2000 1250 400 15 15 58 1 11
1 6 20000 27 32 16 1 29
5 4 5 6 7 8 30000 19200 12000 8571 4500 9 12 33 1 17
6 8 9 10 11 12 13 40000 28444 19200 14545 8000 2462 28 35 0 1 10
4 8 9 10 11 10000 7111 4800 3636 11 18 57 1 16
5 3 4 5 6 7 20000 12000 7200 4000 1714 30 32 23 3 23 30 37
2 8 9 30000 24000 30 37 38 1 37
3 6 7 8 40000 30857 21000 33 38 23 1 45
5 6 7 8 9 10 10000 6857 4500 3333 1800 12 17 32 2 5 8
4 4 5 6 7 20000 12800 9333 5714 38 41 15 3 26 28 36
1 3 30000 18 20 66 2 4 9
2 10 11 40000 29091 30 39 20 2 31 48
2 9 10 10000 8100 38 46 2 1 36
1 5 20000 24 28 36 1 22
2 4 5 30000 19200 16 19 62 3 18 25 35
6 9 10 11 12 13 14 40000 32400 22909 12000 5538 2571 38 46 38 3 15 18 46
3 3 4 5 10000 6000 3600 39 41 23 2 12 47
1 10 20000 13 22 48 1 13
1 3 30000 40 42 20 3 3 31 51
5 5 6 7 8 9 40000 26667 20000 12500 4444 36 40 10 1 43
3 2 3 4 10000 6000 3000 29 30 36 3 23 27 53
2 10 11 20000 16364 36 45 0 1 43
1 7 30000 48 54 19 3 35 39 60
2 5 6 40000 26667 24 28 47 2 22 57
5 6 7 8 9 10 10000 7714 5250 3333 1200 39 44 30 3 23 47 60
5 8 9 10 11 12 20000 16000 11200 7273 2667 30 37 8 3 15 27 37
3 4 5 6 30000 21600 14000 43 46 20 3 15 47 58
3 4 5 6 40000 28800 18667 43 46 38 1 58
3 5 6 7 10000 6667 5000 47 51 26 3 11 56 66
4 5 6 7 8 20000 13333 8571 6250 46 50 0 3 42 61 65
4 3 4 5 6 30000 20250 12600 6000 45 47 30 3 32 33 64
4 9 10 11 12 40000 28800 22909 12000 51 59 0 3 42 59 69
1 1 10000 42 42 23 2 7 56
2 8 9 20000 16000 47 54 2 3 41 52 65
3 4 5 6 30000 21600 14000 52 55 33 3 54 67 68
1 9 40000 52 60 26 3 20 68 70
1 1 10000 55 55 42 3 28 38 73
6 1 2 3 4 5 6 20000 9000 4000 2500 1200 333 55 55 22 3 38 44 62
3 5 6 7 30000 20000 15000 60 64 0 3 34 45 71
2 4 5 40000 25600 33 36 43 3 41 44 63
2 1 2 10000 4000 42 42 43 2 24 49
1 7 20000 55 61 19 3 24 49 62
4 3 4 5 6 30000 18000 12600 7500 33 35 51 3 27 41 60
1 9 40000 55 63 2 3 19 49 73
1 7 10000 65 71 2 3 56 66 78
3 1 2 3 20000 9000 4000 65 65 0 3 26 52 78
3 8 9 10 30000 21333 16800 38 45 42 3 25 46 79
1 9 40000 66 74 0 3 72 83 85
4 5 6 7 8 10000 6667 5000 3125 72 76 6 3 73 77 84
1 8 20000 47 54 29 2 64 66
5 4 5 6 7 8 30000 21600 14000 6857 3000 75 78 0 3 32 53 87
2 1 2 40000 16000 61 61 26 3 50 75 82
1 4 10000 62 65 19 3 6 34 81
3 1 2 3 20000 8000 4000 66 66 14 3 30 39 85
4 9 10 11 12 30000 21600 14727 11250 48 56 37 3 39 55 79
1 10 40000 72 81 2 3 33 40 84
2 5 6 10000 6667 37 41 45 3 48 54 79
1 3 20000 77 79 8 3 72 88 92
1 5 30000 67 71 14 3 64 81 93
1 4 40000 60 63 27 2 71 96
2 7 8 10000 7000 82 88 9 3 81 95 98
6 7 8 9 10 11 12 20000 15750 9333 5600 3818 1167 79 85 0 3 21 78 90
4 3 4 5 6 30000 18000 10800 6000 77 79 6 3 8 28 88
3 8 9 10 40000 28444 19200 86 93 0 3 83 98 101
4 1 2 3 4 10000 4500 2333 1000 51 51 44 3 69 86 96
2 10 11 20000 16364 80 89 11 3 51 99 102
5 4 5 6 7 8 30000 19200 12000 6857 3000 94 97 0 3 12 94 103
3 4 5 6 40000 28800 16000 82 85 2 3 88 89 95
6 10 11 12 13 14 15 10000 7273 5833 3846 2143 667 80 89 8 3 86 97 102
5 4 5 6 7 8 20000 12800 8000 5714 3000 86 89 2 3 29 91 107
3 7 8 9 30000 23625 14000 62 68 29 3 33 61 91
5 2 3 4 5 6 40000 21333 12000 6400 4000 52 53 44 3 34 59 104
2 2 3 10000 5333 90 91 2 3 93 99 109
1 3 20000 69 71 29 3 38 61 110
2 9 10 30000 24300 80 88 6 3 26 80 102
3 6 7 8 40000 27429 18000 86 91 3 3 45 74 101
5 1 2 3 4 5 10000 4000 2000 1000 400 92 92 2 3 87 107 112
4 3 4 5 6 20000 13500 8400 5000 98 100 0 3 100 106 108
4 3 4 5 6 30000 20250 12600 6000 56 58 42 3 42 76 111
1 6 40000 93 98 2 3 114 115 116