2000
20000
0.5
0.02
0.1
250000
0.005
120
0
1 8 10000 1 8 0 0
2 9 10 20000 16200 1 9 8 0
1 7 30000 1 7 10 0
4 1 2 3 4 40000 18000 8000 4000 1 1 23 0
1 3 10000 9 11 0 1 0
5 2 3 4 5 6 20000 10667 6000 4000 1333 8 9 15 1 2
5 8 9 10 11 12 30000 24000 16800 10909 4000 2 9 23 1 3
4 6 7 8 9 40000 27429 21000 13333 8 13 31 1 2
2 7 8 10000 7875 12 18 0 1 4
4 4 5 6 7 20000 12800 8000 5714 10 13 15 1 1
3 4 5 6 30000 19200 12000 12 15 39 1 4
6 4 5 6 7 8 9 40000 28800 18667 9143 4000 1778 8 11 10 1 2
2 2 3 10000 5333 9 10 46 1 0
4 5 6 7 8 20000 13333 10000 6250 10 14 15 1 5
1 9 30000 10 18 8 1 1
5 5 6 7 8 9 40000 26667 17143 12500 6667 2 6 25 1 3
1 1 10000 19 19 8 1 14
2 3 4 20000 12000 14 16 15 1 9
2 4 5 30000 21600 9 12 50 1 0
1 10 40000 12 21 10 1 11
6 4 5 6 7 8 9 10000 7200 4000 2286 1500 444 15 18 15 2 5 13
5 8 9 10 11 12 20000 16000 9600 5818 2667 19 26 18 1 14
4 9 10 11 12 30000 21600 14727 11250 19 27 15 1 20
2 1 2 40000 16000 14 14 22 1 9
4 5 6 7 8 10000 7500 4286 3125 19 23 0 1 8
3 2 3 4 20000 12000 6000 10 11 47 1 6
6 4 5 6 7 8 9 30000 21600 12000 8571 3000 1333 22 25 10 2 17 19
2 2 3 40000 21333 12 13 48 1 11
3 4 5 6 10000 7200 4667 24 27 0 2 8 24
1 6 20000 2 7 69 1 3
2 3 4 30000 18000 17 19 38 1 17
2 10 11 40000 29091 28 37 0 2 16 28
2 1 2 10000 4000 24 24 29 3 16 19 24
6 2 3 4 5 6 7 20000 10667 6000 3200 2000 571 22 23 33 2 10 19
1 5 30000 10 14 69 1 5
1 3 40000 28 30 36 1 22
2 6 7 10000 6857 19 24 18 1 8
3 8 9 10 20000 16000 9600 15 22 47 2 12 13
2 3 4 30000 20250 11 13 57 1 12
4 4 5 6 7 40000 28800 18667 9143 16 19 42 1 10
4 4 5 6 7 10000 6400 4000 2857 12 15 41 1 4
4 5 6 7 8 20000 13333 10000 6250 7 11 25 1 15
1 4 30000 12 15 21 2 6 11
3 3 4 5 40000 27000 16800 26 28 10 1 26
3 9 10 11 10000 7200 5727 20 28 38 1 30
1 1 20000 16 16 21 3 23 41 42
3 1 2 3 30000 13500 7000 15 15 46 1 13
6 8 9 10 11 12 13 40000 32000 22400 14545 5333 2462 16 23 41 2 7 40
3 8 9 10 10000 7111 5600 27 34 32 2 21 25
3 2 3 4 20000 10667 7000 28 29 15 2 22 36
6 7 8 9 10 11 12 30000 21000 14000 8400 5727 1750 38 44 0 2 31 45
6 6 7 8 9 10 11 40000 27429 18000 10667 7200 2182 7 12 26 1 15
3 2 3 4 10000 5333 3000 10 11 58 1 1
1 9 20000 27 35 35 2 21 51
5 1 2 3 4 5 30000 12000 7000 3000 1200 28 28 34 2 27 28
4 7 8 9 10 40000 31500 21778 11200 29 35 38 2 33 44
5 10 11 12 13 14 10000 8182 5000 3077 1429 19 28 61 1 20
3 7 8 9 20000 15750 10889 24 30 33 2 12 33
6 8 9 10 11 12 13 30000 24000 14400 10909 4000 1846 25 32 45 2 36 37
5 6 7 8 9 10 40000 30857 21000 13333 7200 29 34 10 3 43 45 51
4 9 10 11 12 10000 7200 5727 3750 27 35 18 2 7 21
3 1 2 3 20000 9000 4667 26 26 53 3 16 25 26
3 4 5 6 30000 19200 12000 35 38 32 2 35 48
1 6 40000 19 24 42 1 20
2 2 3 10000 5333 33 34 45 2 54 58
2 2 3 20000 10667 20 21 48 3 39 40 42
4 8 9 10 11 30000 21333 14400 10909 17 24 45 3 41 45 46
3 3 4 5 40000 24000 16800 24 26 38 3 24 39 46
2 9 10 10000 8100 45 53 0 3 49 50 59
3 1 2 3 20000 8000 4000 25 25 48 1 66
1 2 30000 29 30 34 3 18 30 54
6 3 4 5 6 7 8 40000 24000 14400 10000 3429 1500 14 16 59 1 7
3 2 3 4 10000 5333 3500 27 28 53 3 15 38 61
4 6 7 8 9 20000 13714 10500 6667 31 36 34 3 47 67 70
3 3 4 5 30000 20250 10800 38 40 52 3 31 32 56
4 3 4 5 6 40000 27000 16800 10000 36 38 38 3 49 55 69
2 9 10 10000 8100 37 45 34 3 53 60 73
3 1 2 3 20000 8000 4000 25 25 45 3 10 65 66
3 10 11 12 30000 24545 15000 54 63 0 3 32 60 68
2 5 6 40000 26667 39 43 32 3 38 62 77
6 6 7 8 9 10 11 10000 7714 5250 3333 1800 545 31 36 39 3 33 52 70
5 7 8 9 10 11 20000 14000 9333 5600 2545 46 52 43 3 26 50 76
3 5 6 7 30000 20000 12857 54 58 26 3 29 68 76
2 10 11 40000 32727 36 45 31 3 18 60 63
1 1 10000 44 44 32 3 23 79 80
4 4 5 6 7 20000 12800 9333 4571 14 17 59 2 27 38
5 5 6 7 8 9 30000 22500 15000 9375 5000 45 49 32 3 29 75 84
1 8 40000 64 71 13 3 65 78 85
5 1 2 3 4 5 10000 4000 2333 1250 600 64 64 18 3 43 72 78
4 6 7 8 9 20000 15429 10500 5333 54 59 20 3 36 55 68
4 2 3 4 5 30000 18000 9000 6000 35 36 48 3 49 59 71
1 3 40000 45 47 45 3 37 67 84
3 10 11 12 10000 7273 5833 64 73 0 3 57 59 78
5 3 4 5 6 7 20000 13500 7200 5000 1714 59 61 26 3 40 82 90
1 9 30000 39 47 37 3 32 62 71
1 5 40000 37 41 49 3 25 28 73
3 2 3 4 10000 6000 3000 60 61 20 3 30 64 89
3 1 2 3 20000 8000 4000 65 65 18 3 47 88 89
2 8 9 30000 21333 59 66 34 3 14 82 94
3 10 11 12 40000 29091 23333 74 83 0 3 70 77 92
3 1 2 3 10000 4500 2333 62 62 36 3 41 90 96
2 8 9 20000 16000 72 79 13 3 51 85 87
2 9 10 30000 24300 84 92 0 3 34 97 99
2 1 2 40000 16000 66 66 33 3 71 97 100
1 6 10000 62 67 20 3 50 86 96
2 8 9 20000 14222 46 53 31 3 53 57 83
3 2 3 4 30000 16000 10500 42 43 49 3 17 73 95
4 8 9 10 11 40000 32000 19200 11636 54 61 31 3 52 94 105
2 4 5 10000 7200 53 56 43 3 58 81 90
4 5 6 7 8 20000 13333 10000 5000 93 97 0 3 101 102 106
5 9 10 11 12 13 30000 24300 17182 9000 4154 44 52 48 3 35 79 80
5 5 6 7 8 9 40000 26667 20000 10000 4444 67 71 33 3 69 103 108
1 5 10000 62 66 31 3 23 106 107
2 3 4 20000 13500 68 70 25 3 74 91 104
2 7 8 30000 23625 98 104 0 3 29 109 112
6 4 5 6 7 8 9 40000 25600 18667 11429 4000 1778 62 65 30 3 52 93 105
6 8 9 10 11 12 13 10000 8000 4800 3636 1333 615 68 75 20 3 84 93 104
2 9 10 20000 16200 66 74 30 3 31 44 115
4 9 10 11 12 30000 21600 14727 9000 76 84 20 3 34 113 116
3 4 5 6 40000 25600 16000 67 70 34 3 76 98 110