2000
20000
0.5
0.02
0.1
250000
0.005
120
0
1 8 10000 1 8 1 0
4 5 6 7 8 20000 13333 10000 5000 1 5 10 0
5 8 9 10 11 12 30000 21333 14400 10909 6000 1 8 0 0
1 1 40000 1 1 28 0
6 8 9 10 11 12 13 10000 7111 5600 3636 1333 615 9 16 31 1 0
1 2 20000 6 7 10 1 1
2 7 8 30000 23625 9 15 0 1 2
1 10 40000 8 17 18 1 5
6 10 11 12 13 14 15 10000 8182 5000 3846 2143 667 16 25 15 1 6
1 2 20000 17 18 31 1 4
3 8 9 10 30000 24000 16800 9 16 1 1 0
4 9 10 11 12 40000 28800 19636 12000 9 17 16 1 2
3 8 9 10 10000 7111 5600 16 23 0 1 6
6 1 2 3 4 5 6 20000 9000 4000 2500 1200 333 2 2 50 1 3
2 7 8 30000 21000 17 23 1 1 10
5 4 5 6 7 8 40000 28800 16000 11429 6000 8 11 10 1 5
4 4 5 6 7 10000 6400 4000 2857 19 22 37 1 9
3 3 4 5 20000 12000 7200 2 4 28 1 3
1 4 30000 12 15 10 1 15
2 4 5 40000 28800 8 11 50 1 5
1 9 10000 24 32 0 1 12
2 3 4 20000 13500 9 11 41 1 0
1 2 30000 12 13 19 1 15
6 9 10 11 12 13 14 40000 28800 19636 12000 8308 2571 33 41 0 1 20
4 3 4 5 6 10000 6000 4200 2000 14 16 19 1 22
3 1 2 3 20000 8000 4667 6 6 31 1 1
2 10 11 30000 21818 24 33 31 1 12
6 7 8 9 10 11 12 40000 31500 18667 14000 7636 2333 18 24 16 1 11
2 7 8 10000 7875 18 24 34 1 11
3 5 6 7 20000 15000 10000 18 22 36 1 11
1 9 30000 16 24 10 1 18
3 2 3 4 40000 24000 14000 17 18 19 1 24
2 3 4 10000 6000 25 27 10 1 30
4 10 11 12 13 20000 16364 10000 7692 18 27 19 1 7
4 5 6 7 8 30000 20000 15000 9375 5 9 28 1 17
6 10 11 12 13 14 15 40000 29091 23333 12308 5714 2667 7 16 31 1 25
3 4 5 6 10000 6400 4667 16 19 29 1 6
5 2 3 4 5 6 20000 10667 6000 4000 2000 10 11 29 1 34
3 7 8 9 30000 23625 16333 24 30 1 1 14
5 3 4 5 6 7 40000 24000 16800 10000 5143 25 27 22 1 30
6 6 7 8 9 10 11 10000 6857 5250 3333 1800 545 24 29 11 1 12
5 6 7 8 9 10 20000 13714 10500 6667 2400 18 23 18 1 7
1 6 30000 6 11 35 1 1
3 7 8 9 40000 28000 21778 31 37 1 1 38
4 9 10 11 12 10000 7200 5727 3000 10 18 45 1 34
5 4 5 6 7 8 20000 14400 9333 4571 2000 9 12 59 1 2
4 2 3 4 5 30000 18000 10500 6000 12 13 41 1 21
3 4 5 6 40000 25600 16000 31 34 34 1 38
4 4 5 6 7 10000 6400 4667 2857 2 5 43 1 3
5 7 8 9 10 11 20000 14000 10889 5600 2545 14 20 41 1 46
4 2 3 4 5 30000 18000 9000 6000 5 6 54 1 17
5 1 2 3 4 5 40000 18000 9333 4000 1600 3 3 50 1 13
5 2 3 4 5 6 10000 5333 3500 2000 1000 17 18 31 1 35
1 5 20000 30 34 11 2 27 40
4 9 10 11 12 30000 24300 14727 9000 42 50 0 2 23 41
4 7 8 9 10 40000 31500 21778 11200 17 23 38 2 22 35
4 4 5 6 7 10000 6400 4667 2286 5 8 59 1 17
2 5 6 20000 15000 12 16 29 1 37
2 2 3 30000 16000 16 17 46 1 18
2 3 4 40000 24000 20 22 29 1 36
3 9 10 11 10000 8100 4909 28 36 10 3 24 32 34
2 8 9 20000 14222 25 32 25 1 30
1 3 30000 23 25 37 1 16
1 2 40000 51 52 5 2 48 54
4 7 8 9 10 10000 7875 4667 3500 19 25 19 1 31
4 6 7 8 9 20000 15429 9000 6667 12 17 35 1 42
2 10 11 30000 21818 24 33 39 1 14
4 2 3 4 5 40000 21333 12000 6400 17 18 29 1 57
2 4 5 10000 6400 26 29 37 1 62
3 9 10 11 20000 16200 11455 19 27 31 2 9 52
5 8 9 10 11 12 30000 24000 16800 10909 4000 51 58 0 1 54
4 5 6 7 8 40000 30000 17143 10000 23 27 39 3 19 29 52
4 2 3 4 5 10000 5333 3000 2000 19 20 29 1 67
3 3 4 5 20000 13500 8400 30 32 37 1 68
1 1 30000 25 25 34 1 28
4 6 7 8 9 40000 27429 18000 13333 26 31 15 1 8
2 7 8 10000 7875 19 25 32 1 9
6 3 4 5 6 7 8 20000 13500 7200 5000 1714 750 23 25 36 1 29
3 3 4 5 30000 20250 10800 7 9 54 1 50
4 5 6 7 8 40000 26667 20000 10000 17 21 25 1 24
5 4 5 6 7 8 10000 6400 4000 2286 1000 26 29 19 1 64
1 10 20000 18 27 35 1 65
3 2 3 4 30000 16000 9000 21 22 41 1 49
2 6 7 40000 30857 35 40 11 1 53
1 4 10000 24 27 33 1 14
5 8 9 10 11 12 20000 16000 11200 7273 2667 38 45 1 1 43
2 7 8 30000 21000 37 43 10 3 33 60 79
3 10 11 12 40000 32727 20000 28 37 31 2 27 69
2 7 8 10000 7000 26 32 32 1 76
1 2 20000 46 47 1 2 75 85
6 6 7 8 9 10 11 30000 20571 15750 10000 5400 1636 30 35 19 2 48 80
5 9 10 11 12 13 40000 32400 22909 15000 5538 28 36 33 1 84
1 3 10000 41 43 11 2 59 83
2 9 10 20000 14400 19 27 45 2 44 78
2 4 5 30000 21600 44 47 10 3 7 51 86
3 9 10 11 40000 32400 22909 6 14 45 1 48
5 6 7 8 9 10 10000 6857 5250 2667 1200 59 64 0 2 31 70
2 5 6 20000 13333 23 27 41 2 58 82
6 6 7 8 9 10 11 30000 23143 13500 10000 3600 1636 48 53 1 2 31 89
6 8 9 10 11 12 13 40000 28444 22400 11636 8000 2462 28 35 22 2 39 72
4 10 11 12 13 10000 7273 5833 3846 54 63 1 3 90 92 98
4 10 11 12 13 20000 16364 11667 7692 41 50 17 3 61 83 99
3 7 8 9 30000 23625 16333 37 43 30 3 25 60 71
5 5 6 7 8 9 40000 26667 20000 10000 4444 26 30 34 2 74 95
5 10 11 12 13 14 10000 7273 5833 3846 1429 53 62 5 3 63 85 94
5 3 4 5 6 7 20000 13500 8400 5000 2571 26 28 36 3 52 55 77
2 3 4 30000 20250 33 35 29 2 20 76
3 3 4 5 40000 27000 16800 65 67 0 3 26 96 105
1 1 10000 51 51 17 3 56 101 103
6 5 6 7 8 9 10 20000 15000 8571 6250 2222 1000 36 40 27 2 81 99
1 4 30000 59 62 11 3 70 73 74
2 9 10 40000 32400 64 72 1 3 88 100 103
2 2 3 10000 6000 68 69 0 3 104 107 109
6 4 5 6 7 8 9 20000 14400 8000 5714 2000 889 36 39 29 2 55 106
4 4 5 6 7 30000 19200 12000 8571 52 55 17 3 54 87 108
6 3 4 5 6 7 8 40000 24000 14400 8000 3429 1500 70 72 0 3 35 91 112
1 1 10000 54 54 18 3 45 82 98
2 5 6 20000 15000 40 44 29 3 47 97 113
1 1 30000 73 73 0 3 66 115 116
4 1 2 3 4 40000 18000 9333 5000 56 56 17 3 28 93 114