2000
20000
0.5
0.02
0.1
250000
0.005
120
0
1 7 10000 1 7 13 0
4 9 10 11 12 20000 16200 11455 7500 1 9 0 0
2 7 8 30000 23625 1 7 4 0
2 6 7 40000 27429 1 6 31 0
2 4 5 10000 6400 10 13 0 1 1
6 10 11 12 13 14 15 20000 14545 10000 7692 4286 1333 8 17 4 1 2
6 6 7 8 9 10 11 30000 23143 13500 8000 5400 1636 8 13 18 1 0
4 5 6 7 8 40000 26667 17143 10000 14 18 0 1 4
4 2 3 4 5 10000 5333 3500 1600 18 19 4 1 5
3 9 10 11 20000 16200 9818 8 16 27 1 0
4 1 2 3 4 30000 12000 7000 3000 19 19 0 1 7
1 4 40000 19 22 17 1 7
2 7 8 10000 7000 8 14 19 1 2
3 1 2 3 20000 8000 4667 8 8 13 1 0
4 9 10 11 12 30000 21600 17182 9000 20 28 4 1 8
1 7 40000 20 26 10 1 10
5 9 10 11 12 13 10000 7200 4909 3000 1385 20 28 0 1 10
2 6 7 20000 13714 14 19 19 1 4
6 10 11 12 13 14 15 30000 24545 15000 11538 6429 2000 14 23 9 1 4
6 8 9 10 11 12 13 40000 28444 19200 14545 5333 2462 10 17 31 1 1
2 4 5 10000 7200 20 23 19 1 8
1 10 20000 29 38 4 2 14 18
4 6 7 8 9 30000 23143 15750 8000 10 15 22 1 1
5 5 6 7 8 9 40000 30000 20000 12500 6667 14 18 37 1 6
2 4 5 10000 6400 18 21 22 1 5
4 1 2 3 4 20000 9000 4667 2000 7 7 31 1 3
5 5 6 7 8 9 30000 20000 12857 9375 5000 14 18 18 1 6
3 8 9 10 40000 32000 22400 7 14 37 1 3
2 7 8 10000 7000 27 33 10 1 15
3 10 11 12 20000 14545 11667 19 28 18 1 26
1 8 30000 9 16 13 1 13
4 3 4 5 6 40000 24000 14400 10000 15 17 37 1 27
2 10 11 10000 8182 20 29 4 1 10
6 2 3 4 5 6 7 20000 12000 7000 4000 1333 571 16 17 32 1 22
2 4 5 30000 21600 15 18 77 2 12 27
4 10 11 12 13 40000 32727 20000 12308 17 26 13 1 30
3 9 10 11 10000 8100 4909 19 27 24 1 7
2 6 7 20000 15429 17 22 28 1 30
1 5 30000 30 34 4 3 12 18 32
2 9 10 40000 32400 29 37 0 1 16
2 10 11 10000 8182 35 44 4 2 17 38
2 4 5 20000 12800 17 20 29 1 9
6 9 10 11 12 13 14 30000 21600 17182 11250 6231 1929 29 37 10 1 14
2 2 3 40000 24000 38 39 0 3 3 22 39
3 6 7 8 10000 6857 5250 39 44 4 3 20 21 39
2 10 11 20000 16364 35 44 14 3 19 26 38
2 8 9 30000 24000 40 47 0 2 35 43
5 8 9 10 11 12 40000 32000 19200 14545 5333 8 15 31 1 25
6 5 6 7 8 9 10 10000 6667 5000 2500 1667 500 15 19 28 1 12
3 6 7 8 20000 13714 10500 8 13 32 1 25
3 3 4 5 30000 20250 10800 34 36 10 2 6 28
1 7 40000 22 28 22 2 9 24
6 10 11 12 13 14 15 10000 8182 5000 3077 1429 667 40 49 0 2 11 43
3 4 5 6 20000 12800 9333 39 42 21 2 18 21
3 2 3 4 30000 18000 9000 45 46 4 3 11 40 44
1 4 40000 45 48 6 3 42 43 44
3 6 7 8 10000 7714 5250 9 14 35 1 13
4 1 2 3 4 20000 8000 4000 2500 27 27 34 1 15
1 2 30000 49 50 6 2 31 55
1 2 40000 20 21 26 3 13 17 49
3 2 3 4 10000 6000 3500 34 35 16 3 28 33 56
4 5 6 7 8 20000 15000 8571 5000 18 22 39 2 31 47
5 4 5 6 7 8 30000 19200 12000 6857 4500 36 39 16 3 36 56 60
1 10 40000 18 27 56 1 31
6 9 10 11 12 13 14 10000 7200 4909 3000 2077 643 48 56 13 3 37 46 54
1 6 20000 29 34 22 3 22 51 59
3 9 10 11 30000 21600 17182 35 43 43 3 17 38 57
5 9 10 11 12 13 40000 32400 19636 15000 8308 22 30 27 3 9 24 49
5 2 3 4 5 6 10000 5333 3500 1600 1000 18 19 39 1 19
5 2 3 4 5 6 20000 10667 7000 4000 1333 35 36 22 2 36 65
2 5 6 30000 22500 36 40 17 3 20 29 60
5 4 5 6 7 8 40000 25600 16000 11429 6000 43 46 26 3 30 50 53
1 5 10000 47 51 12 3 54 68 69
3 4 5 6 20000 14400 9333 51 54 33 3 50 58 65
4 8 9 10 11 30000 24000 16800 8727 31 38 38 3 20 33 67
5 1 2 3 4 5 40000 16000 8000 4000 2400 48 48 0 1 46
2 4 5 10000 6400 51 54 32 3 23 44 58
3 2 3 4 20000 12000 7000 51 52 6 3 19 52 58
4 9 10 11 12 30000 21600 17182 9000 37 45 10 3 29 47 50
3 8 9 10 40000 28444 22400 38 45 10 3 42 48 59
3 7 8 9 10000 7000 4667 49 55 0 1 75
3 7 8 9 20000 14000 10889 36 42 34 3 25 60 68
3 3 4 5 30000 20250 12600 56 58 0 3 59 62 80
5 5 6 7 8 9 40000 26667 17143 12500 4444 47 51 4 3 37 41 54
6 9 10 11 12 13 14 10000 7200 5727 3750 1385 643 50 58 0 3 33 41 52
1 10 20000 52 61 10 3 57 61 83
3 5 6 7 30000 20000 15000 59 63 0 3 45 68 82
5 10 11 12 13 14 40000 32727 20000 15385 8571 56 65 0 3 23 40 80
1 4 10000 50 53 10 2 5 52
3 8 9 10 20000 14222 9600 41 48 17 3 29 67 70
3 9 10 11 30000 24300 14727 46 54 31 3 62 74 79
1 3 40000 43 45 34 3 39 69 81
1 8 10000 59 66 16 3 15 82 89
4 6 7 8 9 20000 13714 9000 5333 64 69 0 3 53 79 86
1 3 30000 52 54 4 3 78 79 83
5 2 3 4 5 6 40000 21333 14000 6400 4000 66 67 4 3 77 83 87
2 2 3 10000 6000 66 67 0 3 53 87 89
2 6 7 20000 13714 64 69 0 3 72 86 88
5 8 9 10 11 12 30000 21333 16800 10909 6000 70 77 0 3 55 64 93
1 3 40000 70 72 0 3 47 70 97
3 10 11 12 10000 8182 5000 59 68 27 3 45 56 82
1 1 20000 73 73 10 3 75 81 99
3 6 7 8 30000 23143 15750 68 73 4 3 61 85 95
3 10 11 12 40000 32727 23333 73 82 0 3 71 93 99
4 4 5 6 7 10000 6400 4667 2857 74 77 10 3 84 99 101
4 6 7 8 9 20000 13714 9000 6667 67 72 25 3 32 87 92
5 3 4 5 6 7 30000 20250 12600 6000 2571 74 76 6 3 64 91 102
4 8 9 10 11 40000 32000 19200 14545 78 85 0 3 74 98 102
1 7 10000 73 79 25 3 67 86 105
3 1 2 3 20000 8000 4000 83 83 0 3 92 103 106
4 9 10 11 12 30000 24300 14727 11250 44 52 43 3 35 66 69
4 9 10 11 12 40000 28800 19636 12000 67 75 20 3 62 76 92
1 4 10000 84 87 0 3 27 63 109
6 10 11 12 13 14 15 20000 16364 11667 7692 4286 1333 86 95 0 3 24 90 107
4 9 10 11 12 30000 24300 14727 11250 76 84 20 3 34 100 111
1 9 40000 88 96 0 3 73 104 112
1 9 10000 96 104 0 3 48 110 113
5 8 9 10 11 12 20000 14222 11200 7273 4000 59 66 0 3 26 77 84
3 3 4 5 30000 20250 12600 105 107 0 3 108 114 116
5 3 4 5 6 7 40000 24000 14400 10000 5143 59 61 0 3 2 84 94