2000
20000
0.5
0.02
0.1
250000
0.005
120
0
1 1 10000 1 1 4 0
4 3 4 5 6 20000 13500 7200 5000 1 3 0 0
6 9 10 11 12 13 14 30000 21600 14727 11250 6231 1929 1 9 2 0
6 1 2 3 4 5 6 40000 16000 8000 5000 2400 667 1 1 11 0
2 2 3 10000 5333 4 5 12 1 1
2 2 3 20000 12000 2 3 4 1 0
1 5 30000 2 6 11 1 3
2 4 5 40000 25600 2 5 6 1 0
3 8 9 10 10000 7111 5600 4 11 4 1 5
4 5 6 7 8 20000 13333 10000 6250 4 8 18 1 5
2 7 8 30000 23625 2 8 19 1 0
3 8 9 10 40000 28444 19200 4 11 0 1 1
4 2 3 4 5 10000 6000 3000 1600 6 7 6 1 7
4 10 11 12 13 20000 16364 11667 7692 4 13 9 1 5
6 6 7 8 9 10 11 30000 20571 13500 10000 3600 1636 12 17 0 2 2 11
6 10 11 12 13 14 15 40000 32727 20000 15385 5714 2667 7 16 11 2 4 6
2 7 8 10000 7000 12 18 20 1 8
2 9 10 20000 16200 18 26 0 1 14
4 8 9 10 11 30000 21333 16800 10909 12 19 4 1 8
1 8 40000 17 24 25 1 15
3 6 7 8 10000 6857 4500 18 23 0 1 14
5 1 2 3 4 5 20000 8000 4000 2000 1200 17 17 11 1 15
2 10 11 30000 21818 9 18 18 1 9
4 10 11 12 13 40000 29091 23333 15385 18 27 11 1 21
5 1 2 3 4 5 10000 4000 2000 1000 400 12 12 15 1 8
4 5 6 7 8 20000 15000 10000 5000 6 10 25 1 7
5 8 9 10 11 12 30000 24000 16800 10909 4000 17 24 12 1 15
6 2 3 4 5 6 7 40000 24000 14000 8000 4000 1143 20 21 4 1 18
4 2 3 4 5 10000 6000 3500 1600 19 20 21 2 3 16
2 8 9 20000 14222 27 34 0 1 17
1 5 30000 4 8 49 1 1
2 4 5 40000 28800 24 27 0 1 20
3 1 2 3 10000 4500 2000 6 6 14 1 7
2 7 8 20000 14000 8 14 6 1 12
6 5 6 7 8 9 10 30000 20000 15000 7500 3333 1500 13 17 15 2 24 32
2 7 8 40000 28000 15 21 6 1 33
1 4 10000 7 10 17 1 6
1 8 20000 2 9 24 1 3
6 10 11 12 13 14 15 30000 21818 17500 9231 6429 2000 24 33 8 1 20
4 2 3 4 5 40000 21333 12000 6400 35 36 23 3 11 29 37
4 3 4 5 6 10000 6000 4200 2500 14 16 9 2 12 13
4 5 6 7 8 20000 15000 10000 5000 28 32 0 1 31
6 9 10 11 12 13 14 30000 21600 14727 9000 4154 1929 9 17 19 2 6 10
3 8 9 10 40000 32000 22400 28 35 0 3 31 35 36
1 10 10000 34 43 19 1 38
2 4 5 20000 14400 22 25 4 3 11 27 40
1 8 30000 20 27 16 1 18
1 8 40000 7 14 14 1 32
6 2 3 4 5 6 7 10000 5333 3000 1600 1000 286 26 27 11 1 45
6 3 4 5 6 7 8 20000 12000 8400 4000 1714 750 33 35 0 2 34 41
4 7 8 9 10 30000 23625 14000 10500 10 16 24 1 37
1 1 40000 36 36 0 2 33 49
3 7 8 9 10000 7000 4667 28 34 35 2 23 24
3 4 5 6 20000 14400 9333 20 23 15 1 18
3 6 7 8 30000 20571 15750 24 29 17 1 20
4 4 5 6 7 40000 28800 18667 11429 35 38 0 2 29 47
3 9 10 11 10000 8100 5727 13 21 37 3 4 24 36
1 8 20000 15 22 14 1 47
2 5 6 30000 20000 24 28 15 2 16 53
6 1 2 3 4 5 6 40000 16000 8000 5000 1600 667 22 22 15 2 22 35
6 8 9 10 11 12 13 10000 8000 4800 2909 2000 615 34 41 31 2 38 42
3 3 4 5 20000 13500 8400 39 41 0 3 23 48 55
6 6 7 8 9 10 11 30000 20571 15750 10000 5400 1636 26 31 4 2 13 45
6 2 3 4 5 6 7 40000 21333 12000 6400 2667 1143 39 40 0 2 47 55
1 6 10000 25 30 12 3 26 42 57
5 4 5 6 7 8 20000 12800 9333 5714 2000 37 40 0 2 21 51
6 2 3 4 5 6 7 30000 16000 10500 6000 2000 857 36 37 0 3 25 43 62
5 8 9 10 11 12 40000 28444 22400 14545 8000 28 35 16 2 26 46
1 4 10000 11 14 61 3 10 25 37
3 4 5 6 20000 12800 8000 42 45 31 3 52 60 65
4 4 5 6 7 30000 21600 14000 8571 41 44 0 3 49 63 65
4 10 11 12 13 40000 32727 23333 12308 25 34 12 2 26 33
2 10 11 10000 7273 32 41 9 3 22 50 62
6 5 6 7 8 9 10 20000 13333 8571 5000 2222 1000 45 49 0 3 28 43 70
1 9 30000 45 53 13 3 30 63 70
4 10 11 12 13 40000 32727 20000 12308 42 51 0 3 28 38 61
1 4 10000 38 41 5 3 17 64 66
3 8 9 10 20000 16000 9600 38 45 6 3 49 58 66
4 2 3 4 5 30000 18000 10500 6000 44 45 19 3 17 41 44
1 4 40000 54 57 16 3 43 74 76
1 6 10000 46 51 6 3 12 67 77
1 3 20000 30 32 17 3 21 35 54
1 8 30000 52 59 0 3 50 58 75
5 6 7 8 9 10 40000 27429 21000 10667 7200 39 44 30 2 19 55
4 7 8 9 10 10000 7875 4667 3500 42 48 27 3 62 76 81
1 6 20000 52 57 10 3 19 57 75
3 4 5 6 30000 21600 12000 42 45 5 3 64 71 76
4 1 2 3 4 40000 18000 8000 5000 29 29 33 2 25 58
3 8 9 10 10000 8000 5600 60 67 0 3 13 82 86
1 8 20000 60 67 9 3 23 74 82
4 9 10 11 12 30000 24300 17182 9000 50 58 0 3 19 73 81
1 4 40000 46 49 5 3 34 72 86
2 10 11 10000 8182 59 68 6 3 46 67 90
3 2 3 4 20000 12000 6000 52 53 6 3 4 51 80
3 8 9 10 30000 24000 16800 68 75 0 3 81 88 90
1 2 40000 54 55 16 3 52 54 93
6 5 6 7 8 9 10 10000 6667 5000 2500 1111 500 54 58 13 3 34 64 74
6 5 6 7 8 9 10 20000 13333 10000 6250 3333 1000 50 54 5 3 40 71 91
2 6 7 30000 20571 60 65 5 3 70 78 82
6 3 4 5 6 7 8 40000 27000 14400 10000 5143 1500 68 70 0 3 56 85 88
3 3 4 5 10000 6750 4200 55 57 5 3 39 93 97
3 3 4 5 20000 13500 8400 71 73 0 3 16 42 99
4 8 9 10 11 30000 24000 16800 10909 44 51 19 3 44 71 87
6 3 4 5 6 7 8 40000 27000 14400 8000 5143 1500 35 37 36 3 2 29 56
4 9 10 11 12 10000 7200 5727 3750 46 54 8 3 48 53 86
6 4 5 6 7 8 9 20000 14400 9333 5714 3000 889 59 62 0 3 36 56 90
2 1 2 30000 13500 74 74 0 3 79 101 103
6 8 9 10 11 12 13 40000 28444 22400 14545 5333 2462 59 66 13 3 95 96 100
4 6 7 8 9 10000 7714 4500 3333 71 76 5 3 63 68 99
3 3 4 5 20000 12000 7200 68 70 9 3 69 89 93
1 8 30000 75 82 0 3 83 92 106
4 3 4 5 6 40000 24000 14400 10000 77 79 5 3 10 54 108
1 5 10000 66 70 5 3 87 98 102
2 8 9 20000 16000 38 45 0 3 57 59 66
5 9 10 11 12 13 30000 24300 14727 9000 4154 76 84 0 3 84 94 112
2 4 5 40000 25600 83 86 0 3 68 110 112
4 7 8 9 10 10000 7875 4667 2800 71 77 9 3 77 107 109
2 4 5 20000 12800 63 66 0 3 100 104 105
2 7 8 30000 23625 87 93 0 3 84 115 116
1 5 40000 85 89 0 3 40 111 114