2000
20000
0.5
0.02
0.1
250000
0.005
120
0
1 3 10000 1 3 9 0
6 9 10 11 12 13 14 20000 16200 11455 7500 2769 1286 1 9 3 0
6 6 7 8 9 10 11 30000 20571 15750 8000 3600 1636 1 6 13 0
5 1 2 3 4 5 40000 18000 9333 5000 2400 1 1 0 0
4 9 10 11 12 10000 7200 5727 3750 4 12 15 1 0
2 3 4 20000 13500 10 12 3 1 1
4 8 9 10 11 30000 24000 16800 8727 10 17 15 1 1
1 1 40000 2 2 21 1 3
6 10 11 12 13 14 15 10000 8182 5833 3846 1429 667 2 11 0 1 3
5 7 8 9 10 11 20000 14000 10889 5600 3818 4 10 9 1 0
5 6 7 8 9 10 30000 23143 15750 8000 3600 13 18 3 1 5
5 3 4 5 6 7 40000 27000 14400 8000 3429 7 9 13 1 2
5 8 9 10 11 12 10000 8000 5600 2909 1333 10 17 21 1 1
1 9 20000 13 21 13 1 5
3 1 2 3 30000 12000 6000 12 12 0 1 8
2 4 5 40000 28800 19 22 4 1 10
2 3 4 10000 6750 3 5 52 1 7
1 3 20000 19 21 10 1 10
2 5 6 30000 22500 4 8 18 1 0
5 1 2 3 4 5 40000 16000 8000 4000 1600 18 18 15 1 6
6 10 11 12 13 14 15 10000 7273 5000 3077 1429 667 13 22 0 1 14
6 5 6 7 8 9 10 20000 13333 8571 5000 3333 1000 11 15 9 1 9
5 10 11 12 13 14 30000 24545 15000 11538 6429 23 32 8 1 15
1 5 40000 19 23 3 1 10
2 4 5 10000 6400 7 10 31 1 2
5 8 9 10 11 12 20000 16000 11200 5818 2667 3 10 21 1 7
2 2 3 30000 18000 18 19 21 1 6
3 4 5 6 40000 28800 18667 23 26 0 2 11 20
2 8 9 10000 8000 2 9 42 1 3
6 7 8 9 10 11 12 20000 15750 10889 7000 2545 1167 18 24 21 1 12
1 8 30000 12 19 7 1 8
5 9 10 11 12 13 40000 32400 22909 15000 8308 11 19 32 2 7 25
5 6 7 8 9 10 10000 6857 5250 3333 1200 23 28 21 2 18 20
3 1 2 3 20000 9000 4667 20 20 33 2 30 31
2 6 7 30000 23143 11 16 37 1 9
4 5 6 7 8 40000 26667 20000 10000 11 15 25 1 9
6 2 3 4 5 6 7 10000 5333 3500 2000 667 286 19 20 15 1 19
1 9 20000 23 31 10 1 20
4 1 2 3 4 30000 13500 7000 3750 27 27 0 3 15 18 27
4 5 6 7 8 40000 30000 17143 10000 16 20 9 1 21
4 9 10 11 12 10000 8100 5727 3000 24 32 3 2 23 30
1 4 20000 11 14 28 1 25
2 10 11 30000 24545 33 42 8 3 13 22 35
4 2 3 4 5 40000 24000 14000 8000 29 30 21 3 12 27 32
6 8 9 10 11 12 13 10000 7111 5600 2909 2000 615 16 23 12 1 21
2 3 4 20000 12000 28 30 11 2 30 38
6 4 5 6 7 8 9 30000 19200 12000 8571 3000 1333 28 31 0 2 4 38
1 5 40000 18 22 36 2 2 6
3 3 4 5 10000 6750 4200 11 13 21 1 25
1 10 20000 21 30 9 2 18 39
4 8 9 10 11 30000 24000 14400 10909 22 29 13 2 13 21
3 7 8 9 40000 31500 21778 13 19 25 1 14
2 1 2 10000 4500 19 19 32 1 19
5 5 6 7 8 9 20000 15000 10000 6250 2222 22 26 13 2 13 48
6 1 2 3 4 5 6 30000 12000 6000 3750 1200 500 20 20 21 2 12 26
6 9 10 11 12 13 14 40000 28800 19636 12000 5538 2571 32 40 21 2 8 46
2 2 3 10000 6000 31 32 9 3 23 49 53
4 2 3 4 5 20000 10667 6000 4000 41 42 21 2 52 55
1 10 30000 32 41 0 2 17 46
1 1 40000 31 31 24 3 31 43 49
2 4 5 10000 7200 20 23 25 1 51
2 9 10 20000 16200 28 36 12 2 27 38
3 7 8 9 30000 23625 14000 43 49 8 1 42
5 6 7 8 9 10 40000 27429 21000 13333 7200 33 38 9 3 17 45 56
4 3 4 5 6 10000 6750 4200 2500 42 44 0 2 37 58
6 2 3 4 5 6 7 20000 12000 6000 3200 2000 571 42 43 1 2 41 58
3 10 11 12 30000 24545 15000 33 42 3 3 36 40 44
3 1 2 3 40000 18000 9333 31 31 23 3 28 34 43
2 6 7 10000 6857 13 18 32 1 5
3 9 10 11 20000 16200 11455 25 33 21 1 29
6 4 5 6 7 8 9 30000 19200 12000 6857 3000 1333 21 24 21 2 24 54
6 7 8 9 10 11 12 40000 31500 18667 14000 5091 2333 37 43 12 3 23 60 61
5 8 9 10 11 12 10000 8000 5600 2909 1333 30 37 13 3 24 26 50
4 4 5 6 7 20000 14400 9333 5714 31 34 22 3 45 49 51
6 9 10 11 12 13 14 30000 21600 14727 9000 6231 1929 19 27 33 2 28 68
2 2 3 40000 21333 24 25 28 3 4 39 60
3 9 10 11 10000 7200 4909 39 47 9 3 26 51 63
6 4 5 6 7 8 9 20000 14400 9333 4571 3000 889 37 40 17 3 37 60 61
1 6 30000 43 48 12 3 42 45 50
4 7 8 9 10 40000 28000 21778 14000 45 51 0 3 48 64 65
5 4 5 6 7 8 10000 7200 4667 2286 1000 38 41 13 3 56 68 72
5 7 8 9 10 11 20000 15750 9333 5600 2545 52 58 0 3 41 43 79
2 7 8 30000 23625 34 40 21 3 14 15 69
4 6 7 8 9 40000 27429 21000 13333 43 48 3 3 11 66 70
1 3 10000 32 34 30 3 4 29 46
1 2 20000 44 45 20 3 65 70 73
4 4 5 6 7 30000 21600 14000 6857 49 52 3 3 31 52 83
2 3 4 40000 24000 42 44 13 3 40 67 80
2 6 7 10000 7714 48 53 9 3 65 73 76
1 5 20000 52 56 2 3 24 33 79
5 5 6 7 8 9 30000 20000 15000 9375 5000 43 47 21 3 57 72 73
5 7 8 9 10 11 40000 31500 21778 14000 7636 48 54 10 3 22 76 77
4 3 4 5 6 10000 6750 4200 2000 48 50 21 3 69 85 90
1 3 20000 53 55 3 3 59 71 86
4 10 11 12 13 30000 24545 15000 9231 45 54 13 3 39 58 87
1 7 40000 50 56 8 3 16 22 62
1 2 10000 59 60 6 3 81 87 91
2 2 3 20000 12000 54 55 9 3 37 62 88
3 5 6 7 30000 22500 12857 26 30 28 3 29 48 75
1 6 40000 45 50 11 3 53 63 64
6 6 7 8 9 10 11 10000 7714 5250 3333 1800 545 57 62 2 3 47 89 98
6 6 7 8 9 10 11 20000 15429 10500 5333 3600 1091 59 64 0 3 52 81 93
6 4 5 6 7 8 9 30000 21600 12000 6857 3000 1333 55 58 13 3 32 78 94
6 1 2 3 4 5 6 40000 18000 9333 5000 1600 667 49 49 15 3 19 33 83
4 1 2 3 4 10000 4000 2000 1000 56 56 9 3 79 97 99
4 3 4 5 6 20000 13500 8400 5000 65 67 0 3 33 84 101
1 2 30000 57 58 15 3 34 92 95
6 4 5 6 7 8 9 40000 28800 18667 11429 4000 1778 63 66 2 3 17 95 100
6 3 4 5 6 7 8 10000 6000 3600 2000 857 375 51 53 11 3 55 82 99
2 8 9 20000 14222 49 56 12 3 71 74 78
3 4 5 6 30000 21600 12000 65 68 0 3 101 103 108
3 10 11 12 40000 29091 23333 61 70 6 3 44 83 96
3 5 6 7 10000 6667 5000 68 72 0 3 57 75 105
4 3 4 5 6 20000 13500 8400 5000 68 70 6 3 64 105 106
6 8 9 10 11 12 13 30000 24000 14400 8727 4000 1846 49 56 16 3 78 84 98
4 7 8 9 10 40000 28000 18667 14000 57 63 9 3 63 85 104
4 3 4 5 6 10000 6000 3600 2000 67 69 2 3 86 107 109
4 8 9 10 11 20000 16000 9600 5818 69 76 0 3 40 70 110
6 5 6 7 8 9 10 30000 22500 15000 7500 3333 1500 70 74 2 3 86 102 116
4 4 5 6 7 40000 28800 18667 11429 73 76 0 3 112 114 115