2000
20000
0.5
0.02
0.1
250000
0.005
120
0
1 1 10000 1 1 19 0
2 7 8 20000 15750 1 7 2 0
3 1 2 3 30000 12000 7000 1 1 12 0
1 9 40000 1 9 0 0
3 3 4 5 10000 6750 4200 2 4 12 1 2
6 3 4 5 6 7 8 20000 12000 8400 5000 1714 750 8 10 8 1 1
1 1 30000 8 8 7 1 1
2 8 9 40000 32000 11 18 8 1 5
1 5 10000 9 13 23 1 6
4 5 6 7 8 20000 13333 8571 6250 9 13 7 1 6
3 4 5 6 30000 19200 12000 11 14 36 1 5
2 10 11 40000 32727 14 23 14 1 9
6 10 11 12 13 14 15 10000 7273 5000 3846 1429 667 10 19 0 1 3
1 6 20000 5 10 19 1 4
2 7 8 30000 23625 8 14 2 1 1
6 2 3 4 5 6 7 40000 24000 12000 6400 2667 1143 14 15 7 1 9
6 1 2 3 4 5 6 10000 4500 2000 1250 600 167 2 2 39 1 0
1 4 20000 14 17 23 1 9
5 2 3 4 5 6 30000 18000 9000 6000 2000 11 12 9 1 5
6 4 5 6 7 8 9 40000 28800 16000 11429 4000 1778 9 12 31 1 6
1 9 10000 2 10 27 1 0
6 7 8 9 10 11 12 20000 14000 9333 7000 2545 1167 5 11 12 1 4
1 2 30000 13 14 9 1 18
5 5 6 7 8 9 40000 30000 17143 12500 4444 13 17 11 1 18
5 8 9 10 11 12 10000 8000 5600 3636 1333 2 9 19 1 0
1 1 20000 15 15 2 1 14
4 6 7 8 9 30000 23143 15750 8000 16 21 7 1 15
3 6 7 8 40000 27429 18000 20 25 0 1 12
3 6 7 8 10000 6857 5250 16 21 26 2 16 25
1 6 20000 22 27 7 1 26
6 5 6 7 8 9 10 30000 22500 12857 7500 3333 1500 18 22 18 2 23 25
1 9 40000 16 24 37 1 15
6 8 9 10 11 12 13 10000 8000 5600 3636 2000 615 11 18 36 1 20
3 4 5 6 20000 12800 8000 15 18 9 2 21 22
6 3 4 5 6 7 8 30000 20250 12600 6000 2571 1125 11 13 27 1 20
3 4 5 6 40000 25600 16000 5 8 26 1 4
4 3 4 5 6 10000 6000 4200 2500 16 18 19 1 15
6 9 10 11 12 13 14 20000 16200 11455 7500 4154 1286 18 26 11 2 23 24
5 3 4 5 6 7 30000 20250 12600 6000 2571 13 15 19 1 18
5 5 6 7 8 9 40000 30000 17143 12500 6667 19 23 8 1 7
5 9 10 11 12 13 10000 7200 4909 3750 2077 26 34 0 1 27
2 10 11 20000 14545 12 21 17 1 21
3 6 7 8 30000 20571 15750 25 30 37 2 3 31
4 1 2 3 4 40000 16000 8000 5000 15 15 27 1 22
2 6 7 10000 6857 23 28 33 2 24 30
3 9 10 11 20000 16200 11455 19 27 9 1 33
6 7 8 9 10 11 12 30000 23625 16333 10500 5727 1750 16 22 2 1 25
1 2 40000 22 23 13 1 26
2 7 8 10000 7000 16 22 31 1 38
3 2 3 4 20000 12000 7000 28 29 11 2 20 29
1 6 30000 24 29 14 1 11
1 2 40000 27 28 19 1 37
4 1 2 3 4 10000 4500 2000 1250 25 25 41 2 3 31
6 10 11 12 13 14 15 20000 16364 10000 7692 2857 1333 19 28 36 2 16 32
4 6 7 8 9 30000 23143 13500 10000 14 19 32 1 8
1 7 40000 23 29 13 1 46
5 9 10 11 12 13 10000 7200 5727 3750 1385 22 30 17 1 41
4 2 3 4 5 20000 10667 7000 3200 14 15 23 1 8
1 2 30000 23 24 20 1 46
3 3 4 5 40000 27000 14400 35 37 0 1 40
1 7 10000 14 20 37 1 8
1 9 20000 16 24 27 1 43
3 3 4 5 30000 20250 12600 25 27 27 3 39 54 58
1 3 40000 16 18 19 2 35 38
2 5 6 10000 7500 30 34 21 2 13 55
5 6 7 8 9 10 20000 15429 9000 5333 3600 35 40 11 2 40 43
4 1 2 3 4 30000 12000 7000 3000 28 28 9 2 45 47
2 9 10 40000 32400 23 31 2 1 46
5 7 8 9 10 11 10000 7000 4667 2800 1909 24 30 8 1 39
3 2 3 4 20000 10667 7000 28 29 13 3 14 29 30
1 3 30000 38 40 0 3 7 24 59
3 3 4 5 40000 27000 14400 19 21 19 1 63
3 1 2 3 10000 4000 2000 31 31 17 2 21 56
2 4 5 20000 14400 18 21 30 1 17
1 4 30000 11 14 19 1 13
3 5 6 7 40000 26667 20000 11 15 22 1 13
4 10 11 12 13 10000 7273 5000 3846 32 41 2 3 22 67 74
6 5 6 7 8 9 10 20000 13333 8571 6250 2222 1000 29 33 9 2 36 66
3 8 9 10 30000 24000 16800 30 37 11 3 17 34 49
5 1 2 3 4 5 40000 18000 8000 4000 2400 28 28 29 1 45
1 10 10000 30 39 14 3 11 19 50
4 2 3 4 5 20000 12000 7000 4000 31 32 37 3 32 42 69
3 3 4 5 30000 20250 12600 28 30 7 1 29
3 2 3 4 40000 21333 14000 26 27 13 1 27
6 1 2 3 4 5 6 10000 4000 2000 1250 600 167 40 40 14 3 19 40 80
6 1 2 3 4 5 6 20000 8000 4000 2500 800 333 38 38 10 2 59 67
6 8 9 10 11 12 13 30000 21333 16800 8727 4000 1846 32 39 17 2 7 72
4 9 10 11 12 40000 28800 19636 12000 31 39 8 3 57 63 68
2 6 7 10000 7714 22 27 29 2 10 26
5 3 4 5 6 7 20000 12000 8400 5000 2571 28 30 26 2 11 83
3 7 8 9 30000 21000 14000 39 45 10 3 78 82 85
5 7 8 9 10 11 40000 31500 18667 14000 5091 31 37 7 3 37 75 82
3 7 8 9 10000 7000 4667 22 28 26 2 28 75
1 10 20000 19 28 25 2 23 63
2 3 4 30000 18000 41 43 0 3 70 71 83
2 2 3 40000 24000 29 30 36 3 35 53 88
3 7 8 9 10000 7875 5444 41 47 11 3 61 65 78
1 3 20000 46 48 10 3 28 64 90
3 2 3 4 30000 18000 9000 33 34 37 3 69 72 81
5 4 5 6 7 8 40000 28800 16000 11429 6000 44 47 0 3 34 76 94
5 2 3 4 5 6 10000 5333 3000 1600 667 46 47 11 3 30 89 90
1 3 20000 29 31 25 3 48 74 93
6 2 3 4 5 6 7 30000 18000 10500 4800 3000 857 34 35 9 3 55 69 77
2 1 2 40000 18000 48 48 10 3 79 99 101
3 10 11 12 10000 7273 5833 38 47 7 3 58 91 102
5 3 4 5 6 7 20000 13500 8400 4000 2571 25 27 27 3 2 61 73
6 2 3 4 5 6 7 30000 16000 9000 4800 3000 857 40 41 17 3 54 86 101
4 3 4 5 6 40000 24000 16800 10000 41 43 14 3 65 84 92
4 5 6 7 8 10000 7500 5000 2500 31 35 26 3 58 88 89
2 4 5 20000 14400 44 47 14 3 60 66 107
5 5 6 7 8 9 30000 20000 12857 7500 5000 49 53 10 3 64 97 106
6 3 4 5 6 7 8 40000 27000 14400 10000 3429 1500 48 50 0 3 51 87 99
5 4 5 6 7 8 10000 6400 4000 2286 1500 48 51 7 3 62 104 105
3 8 9 10 20000 14222 9600 51 58 0 3 50 78 111
2 7 8 30000 23625 49 55 10 3 65 96 103
6 5 6 7 8 9 10 40000 30000 17143 10000 4444 2000 59 63 0 3 100 112 113
4 10 11 12 13 10000 8182 5833 3077 48 57 14 3 44 108 109
6 5 6 7 8 9 10 20000 13333 8571 5000 3333 1000 31 35 36 3 50 52 95
2 6 7 30000 20571 56 61 10 3 66 94 114
3 8 9 10 40000 28444 19200 64 71 0 3 62 110 115