2000
20000
0.5
0.02
0.1
250000
0.005
120
0
1 5 10000 1 5 33 0
2 7 8 20000 15750 1 7 14 0
4 6 7 8 9 30000 20571 13500 10000 1 6 22 0
1 7 40000 1 7 0 0
6 9 10 11 12 13 14 10000 7200 4909 3000 2077 643 7 15 22 1 2
5 10 11 12 13 14 20000 16364 11667 6154 4286 8 17 0 1 3
2 3 4 30000 18000 6 8 33 1 0
2 7 8 40000 31500 8 14 21 1 3
6 2 3 4 5 6 7 10000 5333 3000 1600 667 286 8 9 26 1 3
5 3 4 5 6 7 20000 13500 7200 5000 2571 18 20 0 1 5
5 3 4 5 6 7 30000 18000 12600 7500 3857 15 17 21 1 7
6 3 4 5 6 7 8 40000 24000 16800 8000 3429 1500 18 20 0 1 5
5 10 11 12 13 14 10000 8182 5833 3846 2143 21 30 0 1 9
5 3 4 5 6 7 20000 12000 8400 4000 2571 21 23 0 1 11
6 8 9 10 11 12 13 30000 21333 14400 10909 6000 1846 8 15 14 1 1
6 6 7 8 9 10 11 40000 27429 21000 10667 4800 2182 18 23 46 1 5
1 7 10000 16 22 22 1 4
1 5 20000 10 14 26 1 8
6 6 7 8 9 10 11 30000 20571 15750 8000 5400 1636 10 15 34 1 8
4 9 10 11 12 40000 32400 19636 15000 24 32 0 1 13
4 2 3 4 5 10000 6000 3000 2000 6 7 36 1 0
1 5 20000 6 10 41 1 0
2 8 9 30000 24000 16 23 34 1 18
6 10 11 12 13 14 15 40000 29091 23333 15385 5714 2667 31 40 0 1 12
5 10 11 12 13 14 10000 8182 5000 3846 2143 21 30 21 1 9
4 9 10 11 12 20000 14400 11455 7500 24 32 28 2 13 16
1 2 30000 24 25 39 1 22
1 4 40000 16 19 36 1 4
4 9 10 11 12 10000 7200 5727 3750 21 29 0 1 9
6 8 9 10 11 12 13 20000 16000 11200 5818 4000 1231 10 17 55 1 8
5 2 3 4 5 6 30000 18000 9000 4800 3000 30 31 0 2 14 28
5 3 4 5 6 7 40000 27000 16800 8000 3429 18 20 21 1 10
5 10 11 12 13 14 10000 7273 5000 3846 2143 33 42 0 1 19
3 8 9 10 20000 16000 9600 8 15 37 1 20
1 6 30000 18 23 32 1 10
6 7 8 9 10 11 12 40000 31500 21778 11200 5091 2333 7 13 37 1 2
3 4 5 6 10000 7200 4000 16 19 32 1 4
1 9 20000 32 40 0 1 30
6 8 9 10 11 12 13 30000 24000 16800 10909 4000 1846 21 28 21 1 31
2 8 9 40000 32000 21 28 38 2 11 35
4 6 7 8 9 10000 7714 5250 2667 43 48 7 2 32 38
1 2 20000 43 44 0 1 32
6 5 6 7 8 9 10 30000 20000 15000 9375 3333 1500 8 12 43 1 1
4 7 8 9 10 40000 31500 21778 14000 32 38 21 3 7 30 33
5 2 3 4 5 6 10000 5333 3000 2000 1000 23 24 47 2 2 16
5 4 5 6 7 8 20000 14400 8000 5714 2000 41 44 0 3 17 23 37
4 3 4 5 6 30000 18000 12600 7500 41 43 17 3 22 23 31
6 1 2 3 4 5 6 40000 16000 9333 5000 2400 667 39 39 21 2 20 43
5 3 4 5 6 7 10000 6750 3600 2000 1286 21 23 21 2 6 31
1 1 20000 49 49 7 2 23 40
1 7 30000 24 30 14 1 13
4 6 7 8 9 40000 27429 18000 13333 41 46 20 3 17 25 37
6 1 2 3 4 5 6 10000 4500 2000 1000 600 167 43 43 7 2 32 38
3 10 11 12 20000 14545 11667 45 54 0 2 41 48
3 1 2 3 30000 13500 7000 8 8 36 1 20
6 7 8 9 10 11 12 40000 28000 18667 11200 5091 2333 47 53 28 2 22 51
2 4 5 10000 6400 44 47 7 3 18 35 52
5 5 6 7 8 9 20000 13333 8571 6250 3333 20 24 32 1 36
2 9 10 30000 24300 48 56 8 1 56
5 4 5 6 7 8 40000 28800 18667 9143 6000 24 27 32 2 34 54
4 8 9 10 11 10000 7111 5600 2909 50 57 7 3 30 37 49
6 10 11 12 13 14 15 20000 16364 10000 7692 4286 1333 45 54 0 2 16 45
1 9 30000 44 52 33 3 27 52 59
6 7 8 9 10 11 12 40000 31500 18667 14000 7636 2333 31 37 14 3 6 50 54
5 6 7 8 9 10 10000 7714 4500 3333 1200 55 60 0 2 53 56
2 5 6 20000 15000 49 53 11 3 33 40 59
5 7 8 9 10 11 30000 21000 14000 10500 3818 48 54 24 2 44 56
2 5 6 40000 26667 55 59 1 3 27 42 53
3 3 4 5 10000 6000 4200 54 56 22 3 41 63 65
3 8 9 10 20000 14222 11200 44 51 22 2 46 57
4 3 4 5 6 30000 20250 12600 6000 38 40 14 3 21 24 63
2 7 8 40000 28000 15 21 60 2 7 21
6 8 9 10 11 12 13 10000 8000 5600 3636 1333 615 61 68 0 3 21 46 64
1 9 20000 61 69 0 2 64 67
5 4 5 6 7 8 30000 21600 12000 8571 4500 55 58 0 3 50 61 70
2 8 9 40000 28444 61 68 0 3 47 64 67
5 8 9 10 11 12 10000 7111 5600 2909 1333 40 47 27 3 26 42 47
4 1 2 3 4 20000 9000 4000 2500 57 57 15 3 28 50 58
6 4 5 6 7 8 9 30000 21600 12000 8571 3000 1333 70 73 0 3 15 60 73
4 1 2 3 4 40000 16000 9333 4000 20 20 66 1 36
1 4 10000 57 60 8 2 58 65
6 8 9 10 11 12 13 20000 16000 11200 7273 4000 1231 58 65 7 3 26 60 61
6 4 5 6 7 8 9 30000 21600 12000 6857 4500 1333 69 72 0 3 11 67 75
3 4 5 6 40000 25600 18667 69 72 0 3 57 72 80
2 7 8 10000 7875 66 72 13 3 59 68 81
1 5 20000 61 65 22 3 70 76 80
6 9 10 11 12 13 14 30000 24300 14727 11250 4154 1929 73 81 0 3 35 81 82
2 10 11 40000 29091 45 54 12 3 42 45 57
6 8 9 10 11 12 13 10000 8000 5600 2909 1333 615 50 57 17 3 39 49 51
2 9 10 20000 16200 54 62 28 3 33 38 55
6 5 6 7 8 9 10 30000 20000 12857 7500 3333 1500 74 78 0 3 58 69 78
5 4 5 6 7 8 40000 25600 18667 9143 6000 58 61 17 3 39 63 88
4 2 3 4 5 10000 5333 3500 2000 58 59 27 3 39 60 76
4 5 6 7 8 20000 13333 10000 5000 62 66 20 3 24 87 91
2 8 9 30000 24000 48 55 27 3 52 70 76
1 9 40000 55 63 12 3 40 47 87
3 7 8 9 10000 7000 5444 74 80 2 2 53 78
3 6 7 8 20000 15429 9000 69 74 7 3 27 72 95
2 2 3 30000 16000 79 80 12 3 68 89 90
3 6 7 8 40000 30857 18000 75 80 7 3 6 71 97
6 2 3 4 5 6 7 10000 5333 3500 2000 667 286 73 74 13 3 62 84 94
3 6 7 8 20000 13714 9000 81 86 2 3 24 94 96
4 7 8 9 10 30000 23625 14000 10500 81 87 7 3 85 95 99
6 2 3 4 5 6 7 40000 21333 12000 6400 4000 1143 81 82 12 3 77 98 99
6 9 10 11 12 13 14 10000 7200 4909 3750 1385 643 79 87 0 3 66 90 91
2 2 3 20000 10667 64 65 23 3 1 79 95
2 7 8 30000 23625 88 94 0 3 26 91 104
1 8 40000 67 74 20 3 10 92 93
1 2 10000 74 75 13 3 49 78 88
5 3 4 5 6 7 20000 12000 8400 4000 2571 88 90 0 3 18 100 104
3 6 7 8 30000 20571 15750 82 87 0 3 41 66 86
1 4 40000 91 94 0 3 61 96 109
3 1 2 3 10000 4500 2000 79 79 8 3 66 80 90
3 8 9 10 20000 14222 9600 95 102 0 3 25 107 111
2 3 4 30000 18000 95 97 0 3 102 103 106
5 9 10 11 12 13 40000 32400 19636 15000 8308 87 95 2 3 101 105 108
4 5 6 7 8 10000 7500 5000 2500 88 92 0 3 51 110 112
6 7 8 9 10 11 12 20000 14000 9333 5600 3818 1167 98 104 0 3 89 114 115
1 4 30000 73 76 0 3 29 77 83
6 1 2 3 4 5 6 40000 18000 9333 4000 2400 667 103 103 0 3 65 107 113