2000
20000
0.5
0.02
0.1
250000
0.005
120
0
1 9 10000 1 9 30 0
2 7 8 20000 14000 1 7 11 0
6 9 10 11 12 13 14 30000 21600 14727 9000 4154 1929 1 9 17 0
2 7 8 40000 28000 1 7 0 0
6 4 5 6 7 8 9 10000 7200 4667 2286 1000 444 10 13 17 1 2
4 4 5 6 7 20000 12800 9333 4571 8 11 73 1 1
4 4 5 6 7 30000 19200 12000 8571 8 11 1 1 3
4 3 4 5 6 40000 24000 16800 10000 14 16 17 1 4
4 7 8 9 10 10000 7875 4667 2800 8 14 11 1 1
4 6 7 8 9 20000 15429 9000 5333 8 13 55 1 1
4 3 4 5 6 30000 18000 10800 6000 8 10 0 1 3
6 10 11 12 13 14 15 40000 32727 23333 15385 8571 2667 12 21 1 1 6
1 7 10000 17 23 23 1 7
2 5 6 20000 15000 15 19 57 1 8
3 9 10 11 30000 24300 14727 10 18 24 1 2
3 7 8 9 40000 28000 21778 11 17 0 1 10
2 9 10 10000 7200 15 23 16 1 8
3 9 10 11 20000 14400 9818 18 26 0 1 15
5 9 10 11 12 13 30000 24300 17182 9000 4154 17 25 17 1 7
2 1 2 40000 18000 20 20 57 1 13
2 1 2 10000 4000 8 8 42 1 3
1 9 20000 24 32 16 1 16
2 3 4 30000 18000 10 12 30 1 0
3 4 5 6 40000 28800 16000 27 30 0 1 17
2 3 4 10000 6750 27 29 43 1 17
4 7 8 9 10 20000 15750 9333 7000 14 20 28 1 4
4 4 5 6 7 30000 19200 14000 6857 14 17 55 1 9
1 4 40000 30 33 43 2 14 24
4 10 11 12 13 10000 8182 5000 3077 26 35 17 1 18
1 2 20000 17 18 18 1 7
4 9 10 11 12 30000 24300 17182 11250 33 41 16 2 21 25
5 4 5 6 7 8 40000 28800 18667 9143 4000 10 13 51 1 2
6 5 6 7 8 9 10 10000 6667 5000 3125 1111 500 15 19 11 1 8
5 5 6 7 8 9 20000 13333 10000 5000 2222 24 28 23 1 12
6 8 9 10 11 12 13 30000 24000 14400 10909 4000 1846 22 29 1 1 11
5 1 2 3 4 5 40000 16000 8000 4000 2400 24 24 33 2 12 20
1 5 10000 20 24 55 3 26 31 32
3 4 5 6 20000 12800 8000 10 13 74 1 0
5 4 5 6 7 8 30000 19200 14000 8571 3000 36 39 21 1 28
6 8 9 10 11 12 13 40000 32000 22400 14545 8000 2462 36 43 49 3 5 13 28
5 3 4 5 6 7 10000 6750 3600 2000 857 40 42 53 1 38
2 5 6 20000 15000 19 23 71 1 29
6 8 9 10 11 12 13 30000 21333 16800 8727 6000 1846 40 47 32 2 20 38
6 9 10 11 12 13 14 40000 28800 19636 15000 8308 2571 34 42 43 2 21 27
6 9 10 11 12 13 14 10000 8100 5727 3000 1385 643 48 56 32 3 11 36 42
5 8 9 10 11 12 20000 16000 11200 5818 4000 27 34 28 1 17
3 6 7 8 30000 23143 13500 31 36 0 3 23 32 34
1 6 40000 14 19 57 1 4
5 7 8 9 10 11 10000 7000 4667 2800 1273 18 24 44 2 15 22
3 9 10 11 20000 14400 11455 18 26 56 1 15
3 9 10 11 30000 21600 14727 30 38 22 2 33 34
4 8 9 10 11 40000 32000 19200 11636 37 44 0 2 29 46
5 3 4 5 6 7 10000 6000 3600 2000 1286 57 59 52 3 10 43 44
1 6 20000 45 50 0 2 46 51
6 4 5 6 7 8 9 30000 21600 14000 6857 3000 1333 40 43 21 1 38
1 3 40000 20 22 57 1 47
4 10 11 12 13 10000 7273 5000 3077 19 28 24 2 14 22
4 8 9 10 11 20000 16000 11200 5818 44 51 21 2 31 54
2 8 9 30000 21333 36 43 17 3 11 28 56
5 7 8 9 10 11 40000 31500 18667 14000 5091 35 41 28 1 45
5 7 8 9 10 11 10000 7000 4667 3500 1273 51 57 0 2 20 53
1 6 20000 57 62 47 3 14 44 57
3 6 7 8 30000 20571 13500 52 57 21 3 51 57 58
6 5 6 7 8 9 10 40000 26667 20000 12500 4444 2000 18 22 55 1 26
4 9 10 11 12 10000 8100 5727 3750 23 31 57 2 13 55
4 2 3 4 5 20000 12000 7000 4000 14 15 61 1 31
4 1 2 3 4 30000 13500 7000 3000 25 25 44 1 48
6 7 8 9 10 11 12 40000 31500 21778 14000 5091 2333 44 50 61 3 0 39 63
4 1 2 3 4 10000 4500 2333 1000 45 45 45 3 51 56 58
3 5 6 7 20000 13333 8571 25 29 53 3 19 48 63
1 10 30000 58 67 53 3 9 30 60
2 9 10 40000 32400 30 38 53 3 32 49 69
4 3 4 5 6 10000 6000 4200 2500 58 60 0 3 30 35 60
4 10 11 12 13 20000 14545 11667 7692 14 23 93 1 9
4 9 10 11 12 30000 24300 14727 9000 61 69 0 3 50 58 72
2 1 2 40000 18000 61 61 65 3 40 56 72
4 7 8 9 10 10000 7000 4667 3500 70 76 0 3 59 66 74
1 7 20000 61 67 20 3 26 53 72
3 1 2 3 30000 12000 6000 48 48 49 3 6 42 54
1 3 40000 68 70 20 3 37 69 77
3 2 3 4 10000 5333 3000 57 58 32 3 25 44 64
5 7 8 9 10 11 20000 14000 9333 5600 2545 58 64 21 3 30 45 62
4 6 7 8 9 30000 20571 13500 8000 39 44 53 2 16 50
2 5 6 40000 26667 59 63 32 3 22 59 80
5 9 10 11 12 13 10000 7200 4909 3750 2077 77 85 0 3 29 65 76
5 1 2 3 4 5 20000 9000 4667 2500 800 71 71 26 3 45 49 79
5 8 9 10 11 12 30000 24000 16800 8727 4000 49 56 49 3 16 33 78
6 7 8 9 10 11 12 40000 28000 21778 11200 7636 2333 86 92 10 3 54 83 84
3 5 6 7 10000 7500 4286 71 75 20 3 68 79 81
5 1 2 3 4 5 20000 9000 4667 2500 800 65 65 30 3 41 62 81
6 3 4 5 6 7 8 30000 18000 12600 7500 3857 1125 58 60 45 3 47 62 65
2 2 3 40000 21333 57 58 49 3 42 46 86
2 9 10 10000 8100 64 72 53 3 37 63 83
2 4 5 20000 14400 77 80 21 3 50 76 82
1 3 30000 93 95 10 3 41 83 87
3 6 7 8 40000 30857 21000 86 91 0 3 43 81 84
1 7 10000 44 50 49 3 27 39 55
5 6 7 8 9 10 20000 13714 10500 5333 3600 76 81 20 3 40 88 89
2 5 6 30000 22500 96 100 11 3 5 6 94
1 10 40000 32 41 85 3 33 64 73
1 5 10000 77 81 21 3 74 76 85
6 10 11 12 13 14 15 20000 16364 11667 6154 2857 1333 92 101 0 3 48 71 95
3 4 5 6 30000 21600 14000 101 104 11 3 10 79 98
3 4 5 6 40000 25600 16000 96 99 10 3 55 90 94
6 2 3 4 5 6 7 10000 6000 3500 2000 1000 286 92 93 8 3 64 95 96
2 6 7 20000 15429 68 73 44 3 52 67 77
3 8 9 10 30000 24000 16800 102 109 0 3 47 93 101
1 8 40000 94 101 8 3 85 97 104
2 7 8 10000 7875 102 108 1 3 66 100 101
3 10 11 12 20000 16364 11667 59 68 49 3 49 80 91
2 6 7 30000 23143 110 115 0 3 61 106 108
1 8 40000 102 109 8 3 53 103 107
4 2 3 4 5 10000 5333 3000 2000 116 117 0 3 87 102 110
1 7 20000 74 80 44 3 18 57 105
4 5 6 7 8 30000 22500 12857 7500 116 120 10 3 43 92 110
2 7 8 40000 28000 118 124 0 3 39 109 112
4 7 8 9 10 10000 7875 4667 2800 110 116 8 3 37 104 111
3 4 5 6 20000 12800 9333 62 65 65 3 12 75 99
2 10 11 30000 21818 76 85 45 3 40 70 88
2 6 7 40000 27429 125 130 0 3 113 115 116