2000
20000
0.5
0.02
0.1
250000
0.005
120
0
1 8 10000 1 8 33 0
4 4 5 6 7 20000 12800 9333 5714 1 4 8 0
4 2 3 4 5 30000 18000 10500 6000 1 2 12 0
4 10 11 12 13 40000 29091 20000 12308 1 10 0 0
2 4 5 10000 7200 5 8 8 1 1
5 3 4 5 6 7 20000 13500 7200 4000 2571 11 13 0 1 3
6 4 5 6 7 8 9 30000 19200 12000 8571 4500 1333 3 6 13 1 2
3 5 6 7 40000 30000 17143 3 7 12 1 2
2 3 4 10000 6750 14 16 8 1 5
3 7 8 9 20000 14000 10889 14 20 0 1 5
2 1 2 30000 12000 5 5 17 1 1
3 8 9 10 40000 28444 19200 9 16 8 1 4
1 1 10000 3 3 23 1 2
5 8 9 10 11 12 20000 14222 11200 7273 4000 11 18 6 1 3
2 10 11 30000 24545 17 26 8 2 8 10
3 2 3 4 40000 21333 12000 8 9 20 1 7
2 6 7 10000 6857 7 12 18 1 6
5 3 4 5 6 7 20000 13500 7200 4000 1714 6 8 17 1 10
4 2 3 4 5 30000 16000 9000 4800 4 5 27 1 12
3 7 8 9 40000 31500 21778 8 14 12 1 7
6 5 6 7 8 9 10 10000 7500 5000 3125 1111 500 7 11 13 1 6
2 4 5 20000 12800 21 24 0 1 9
2 1 2 30000 13500 11 11 37 1 3
4 6 7 8 9 40000 27429 18000 10667 10 15 25 1 15
6 4 5 6 7 8 9 10000 7200 4667 2286 1000 444 25 28 0 2 13 21
6 7 8 9 10 11 12 20000 15750 9333 5600 2545 1167 14 20 6 1 5
5 9 10 11 12 13 30000 24300 17182 11250 6231 13 21 18 1 16
4 6 7 8 9 40000 27429 18000 10667 29 34 0 1 24
3 9 10 11 10000 7200 4909 4 12 23 1 12
2 6 7 20000 13714 25 30 16 1 21
6 9 10 11 12 13 14 30000 21600 17182 11250 4154 1929 9 17 31 1 17
5 2 3 4 5 6 40000 21333 14000 6400 4000 6 7 27 1 18
2 3 4 10000 6000 21 23 24 1 25
1 10 20000 17 26 13 2 8 15
3 2 3 4 30000 18000 10500 16 17 34 1 23
1 6 40000 9 14 33 1 0
4 3 4 5 6 10000 6000 4200 2000 8 10 27 1 31
6 4 5 6 7 8 9 20000 12800 8000 4571 3000 889 5 8 30 1 1
4 1 2 3 4 30000 12000 7000 3000 10 10 49 1 15
5 10 11 12 13 14 40000 29091 20000 15385 5714 15 24 33 1 19
1 8 10000 27 34 13 3 12 26 33
5 5 6 7 8 9 20000 15000 8571 6250 3333 12 16 49 1 20
4 8 9 10 11 30000 21333 16800 8727 11 18 27 1 36
3 2 3 4 40000 21333 12000 7 8 16 2 6 10
1 10 10000 27 36 8 2 14 16
3 2 3 4 20000 12000 6000 21 22 35 2 9 19
3 4 5 6 30000 19200 14000 35 38 6 2 23 27
6 10 11 12 13 14 15 40000 32727 23333 12308 8571 2667 9 18 17 2 7 17
1 4 10000 21 24 6 3 13 19 25
2 5 6 20000 13333 31 35 49 2 13 29
1 7 30000 19 25 17 3 11 28 47
2 2 3 40000 24000 9 10 20 1 17
1 1 10000 18 18 31 1 30
5 6 7 8 9 10 20000 15429 10500 6667 2400 17 22 8 3 11 20 43
1 9 30000 18 26 35 2 34 36
3 5 6 7 40000 26667 17143 19 23 41 1 52
1 4 10000 25 28 6 3 48 51 53
1 3 20000 21 23 21 2 9 47
3 9 10 11 30000 21600 17182 27 35 12 2 14 37
2 1 2 40000 16000 39 39 6 2 46 57
2 6 7 10000 6857 35 40 0 2 27 56
1 2 20000 15 16 33 1 35
6 9 10 11 12 13 14 30000 24300 14727 9000 4154 1929 11 19 32 2 0 51
3 1 2 3 40000 16000 8000 25 25 38 3 16 32 39
4 1 2 3 4 10000 4000 2333 1250 27 27 38 3 25 54 55
2 2 3 20000 12000 37 38 8 3 33 44 57
1 5 30000 26 30 28 3 21 30 50
1 7 40000 41 47 0 2 56 60
6 2 3 4 5 6 7 10000 5333 3500 1600 1000 286 19 20 27 2 18 42
5 8 9 10 11 12 20000 16000 11200 7273 4000 40 47 12 3 40 58 59
2 6 7 30000 20571 39 44 11 3 53 61 65
3 2 3 4 40000 24000 14000 40 41 6 3 18 42 59
6 9 10 11 12 13 14 10000 8100 4909 3000 2077 643 39 47 8 3 4 29 65
5 2 3 4 5 6 20000 12000 7000 4000 2000 41 42 7 3 24 60 68
4 9 10 11 12 30000 24300 14727 11250 48 56 8 3 43 70 72
3 1 2 3 40000 16000 8000 35 35 23 3 28 39 40
6 2 3 4 5 6 7 10000 5333 3500 1600 1000 286 43 44 7 3 22 52 73
5 4 5 6 7 8 20000 14400 9333 4571 2000 48 51 0 3 32 67 71
2 6 7 30000 23143 27 32 16 3 0 14 50
4 7 8 9 10 40000 28000 18667 11200 19 25 31 2 11 47
3 5 6 7 10000 7500 4286 52 56 0 3 62 76 77
4 8 9 10 11 20000 14222 9600 5818 48 55 0 3 24 51 67
6 8 9 10 11 12 13 30000 21333 14400 8727 6000 1846 23 30 35 1 45
4 9 10 11 12 40000 28800 22909 15000 36 44 12 3 29 40 58
1 6 10000 57 62 22 3 22 68 80
2 6 7 20000 15429 52 57 0 3 34 62 77
1 6 30000 45 50 14 3 66 75 83
5 7 8 9 10 11 40000 28000 18667 14000 7636 33 39 16 3 22 30 78
3 3 4 5 10000 6750 3600 57 59 0 3 48 65 80
6 2 3 4 5 6 7 20000 10667 7000 3200 1333 571 56 57 0 3 70 81 87
4 3 4 5 6 30000 18000 12600 7500 60 62 9 3 55 66 88
2 1 2 40000 16000 51 51 24 3 23 75 86
6 7 8 9 10 11 12 10000 7000 4667 3500 1909 583 57 63 8 3 32 74 86
4 3 4 5 6 20000 12000 8400 4000 48 50 18 3 53 72 76
1 2 30000 58 59 6 3 37 63 89
1 8 40000 58 65 0 3 43 57 89
1 10 10000 58 67 0 3 36 85 87
6 1 2 3 4 5 6 20000 9000 4667 2000 800 333 56 56 0 3 52 81 87
1 10 30000 68 77 0 3 33 56 96
1 6 40000 60 65 0 3 38 77 88
4 2 3 4 5 10000 5333 3500 2000 48 49 12 2 37 69
1 10 20000 66 75 0 3 82 94 95
6 7 8 9 10 11 12 30000 21000 14000 8400 5727 1750 66 72 0 3 64 86 99
4 10 11 12 13 40000 29091 23333 12308 50 59 12 3 54 62 100
4 9 10 11 12 10000 7200 4909 3750 51 59 18 3 46 78 93
4 1 2 3 4 20000 9000 4667 2000 64 64 8 3 90 92 103
3 3 4 5 30000 20250 10800 48 50 15 3 20 69 76
1 4 40000 68 71 14 3 68 71 96
5 7 8 9 10 11 10000 7000 4667 2800 1273 73 79 0 3 78 102 105
4 3 4 5 6 20000 13500 7200 5000 76 78 0 3 35 101 105
2 3 4 30000 18000 31 33 52 2 50 82
2 10 11 40000 32727 57 66 0 3 79 83 97
6 10 11 12 13 14 15 10000 8182 5000 3846 2143 667 76 85 0 3 48 91 101
6 4 5 6 7 8 9 20000 12800 9333 4571 2000 889 63 66 18 3 34 88 90
6 7 8 9 10 11 12 30000 21000 14000 8400 5727 1750 79 85 0 3 4 99 109
5 3 4 5 6 7 40000 27000 14400 10000 3429 67 69 18 3 49 84 113
4 10 11 12 13 10000 8182 5000 3077 78 87 0 3 85 98 104
3 2 3 4 20000 10667 6000 86 87 0 3 107 110 114
3 8 9 10 30000 24000 16800 88 95 0 3 44 115 116
3 6 7 8 40000 30857 18000 66 71 0 3 41 99 106