2000
20000
0.5
0.02
0.1
250000
0.005
120
0
1 1 10000 1 1 3 0
6 3 4 5 6 7 8 20000 12000 8400 5000 2571 750 1 3 0 0
4 8 9 10 11 30000 21333 14400 8727 1 8 0 0
6 6 7 8 9 10 11 40000 30857 21000 13333 4800 2182 1 6 16 0
5 6 7 8 9 10 10000 6857 4500 3333 1200 2 7 32 1 0
4 1 2 3 4 20000 9000 4000 2500 4 4 0 1 1
1 5 30000 2 6 3 1 0
2 9 10 40000 28800 5 13 6 1 5
5 5 6 7 8 9 10000 7500 4286 3125 1667 7 11 30 1 6
3 5 6 7 20000 13333 8571 5 9 0 1 5
3 4 5 6 30000 21600 14000 5 8 4 1 5
4 4 5 6 7 40000 28800 18667 9143 14 17 16 1 7
4 4 5 6 7 10000 7200 4000 2286 10 13 21 1 9
3 4 5 6 20000 12800 9333 10 13 0 1 9
2 3 4 30000 20250 9 11 15 1 2
4 8 9 10 11 40000 32000 22400 14545 12 19 30 1 8
6 5 6 7 8 9 10 10000 6667 4286 3125 1667 500 7 11 3 1 6
1 8 20000 9 16 62 1 10
3 7 8 9 30000 23625 16333 9 15 0 1 2
1 10 40000 20 29 30 2 8 15
2 4 5 10000 6400 16 19 0 1 18
6 4 5 6 7 8 9 20000 12800 8000 4571 2000 889 12 15 3 1 16
1 8 30000 7 14 23 1 6
2 10 11 40000 32727 14 23 0 1 13
3 8 9 10 10000 7111 4800 14 21 2 1 13
2 3 4 20000 12000 16 18 3 2 1 21
1 1 30000 15 15 34 3 1 3 22
2 8 9 40000 32000 9 16 4 1 10
2 1 2 10000 4500 12 12 3 2 2 16
4 2 3 4 5 20000 12000 6000 4000 7 8 16 1 3
6 10 11 12 13 14 15 30000 21818 15000 9231 4286 2000 19 28 3 2 25 28
5 3 4 5 6 7 40000 27000 16800 8000 3429 24 26 0 1 23
6 2 3 4 5 6 7 10000 5333 3500 2000 667 286 18 19 26 1 11
4 2 3 4 5 20000 10667 7000 3200 12 13 12 1 16
1 8 30000 29 36 17 2 30 32
4 8 9 10 11 40000 28444 19200 14545 13 20 3 1 28
4 10 11 12 13 10000 8182 5833 3077 20 29 0 1 20
4 7 8 9 10 20000 15750 10889 5600 10 16 47 1 9
5 3 4 5 6 7 30000 20250 12600 7500 2571 8 10 32 1 4
2 1 2 40000 16000 13 13 63 1 28
1 9 10000 17 25 4 1 27
3 2 3 4 20000 12000 6000 18 19 16 2 3 11
5 4 5 6 7 8 30000 21600 12000 6857 4500 16 19 34 1 26
2 8 9 40000 28444 30 37 0 2 36 40
4 9 10 11 12 10000 8100 4909 3000 20 28 7 2 14 20
4 1 2 3 4 20000 8000 4000 2000 9 9 16 1 29
3 7 8 9 30000 23625 16333 29 35 7 2 41 44
1 5 40000 29 33 28 1 30
2 4 5 10000 6400 14 17 6 1 7
4 4 5 6 7 20000 14400 9333 4571 12 15 19 1 14
2 1 2 30000 13500 16 16 36 2 18 26
1 6 40000 27 32 30 2 12 31
5 2 3 4 5 6 10000 6000 3000 2000 667 36 37 25 3 11 32 46
1 3 20000 22 24 2 3 24 35 48
1 7 30000 15 21 28 1 22
5 2 3 4 5 6 40000 21333 14000 6400 4000 12 13 54 2 4 8
6 1 2 3 4 5 6 10000 4000 2333 1250 400 167 21 21 5 3 33 35 45
1 2 20000 30 31 7 2 23 36
1 8 30000 8 15 38 1 4
3 2 3 4 40000 24000 12000 29 30 21 2 44 54
2 8 9 10000 8000 27 34 0 3 31 53 56
4 1 2 3 4 20000 9000 4000 2000 22 22 44 1 56
6 8 9 10 11 12 13 30000 21333 16800 10909 4000 1846 32 39 7 2 13 57
3 9 10 11 40000 28800 22909 36 44 7 3 25 38 46
1 9 10000 23 31 44 3 25 41 61
2 1 2 20000 8000 33 33 30 3 48 51 53
5 5 6 7 8 9 30000 22500 15000 7500 3333 34 38 28 2 47 50
2 6 7 40000 30857 29 34 3 3 14 30 31
1 3 10000 20 22 44 2 27 32
1 10 20000 38 47 0 3 22 43 67
3 4 5 6 30000 21600 14000 34 37 30 3 21 37 65
6 6 7 8 9 10 11 40000 30857 18000 13333 7200 2182 48 53 0 3 44 62 69
3 3 4 5 10000 6750 3600 18 20 39 1 48
1 5 20000 38 42 25 2 51 52
6 2 3 4 5 6 7 30000 16000 9000 6000 3000 857 37 38 17 3 34 42 58
6 3 4 5 6 7 8 40000 24000 14400 8000 5143 1500 35 37 0 3 12 49 60
4 8 9 10 11 10000 8000 5600 3636 43 50 25 3 49 70 73
2 3 4 20000 12000 39 41 17 3 43 45 74
4 6 7 8 9 30000 23143 15750 10000 54 59 0 3 24 29 71
6 9 10 11 12 13 14 40000 28800 19636 15000 8308 2571 51 59 25 3 64 67 76
3 5 6 7 10000 6667 5000 40 44 7 3 33 60 62
6 9 10 11 12 13 14 20000 16200 9818 6000 2769 1286 42 50 17 3 45 57 77
4 4 5 6 7 30000 21600 14000 8571 60 63 0 3 40 72 78
6 10 11 12 13 14 15 40000 29091 20000 15385 5714 2667 54 63 0 2 40 71
5 5 6 7 8 9 10000 6667 5000 2500 1111 14 18 65 2 38 55
5 7 8 9 10 11 20000 15750 9333 5600 3818 64 70 8 3 42 69 82
1 7 30000 42 48 37 3 17 72 77
2 4 5 40000 25600 60 63 25 3 29 65 79
3 8 9 10 10000 7111 5600 45 52 7 3 59 63 80
3 3 4 5 20000 13500 8400 64 66 0 3 21 58 83
4 8 9 10 11 30000 21333 16800 10909 31 38 29 3 19 54 59
2 6 7 40000 30857 71 76 8 3 47 54 85
3 6 7 8 10000 6857 4500 67 72 0 3 47 68 89
6 5 6 7 8 9 10 20000 15000 8571 5000 3333 1000 64 68 0 3 23 42 82
5 10 11 12 13 14 30000 24545 15000 11538 4286 67 76 0 3 46 66 89
6 8 9 10 11 12 13 40000 28444 22400 14545 5333 2462 51 58 17 3 55 65 81
3 4 5 6 10000 7200 4667 73 76 15 3 37 73 92
2 7 8 20000 14000 35 41 18 3 50 56 67
4 6 7 8 9 30000 20571 15750 8000 64 69 9 3 69 72 83
4 3 4 5 6 40000 24000 16800 10000 69 71 0 3 38 78 93
1 8 10000 53 60 7 3 62 88 97
1 1 20000 72 72 4 3 15 61 99
4 3 4 5 6 30000 20250 10800 6000 72 74 0 3 82 93 99
5 2 3 4 5 6 40000 24000 14000 8000 4000 42 43 35 3 12 39 77
1 4 10000 75 78 0 3 49 66 102
6 9 10 11 12 13 14 20000 16200 11455 7500 4154 1286 77 85 0 3 94 100 101
3 9 10 11 30000 24300 17182 61 69 7 3 66 90 100
4 4 5 6 7 40000 28800 16000 9143 59 62 17 3 10 70 95
5 7 8 9 10 11 10000 7000 5444 2800 1909 73 79 0 3 7 92 93
4 3 4 5 6 20000 12000 8400 4000 70 72 7 3 74 97 106
6 6 7 8 9 10 11 30000 23143 15750 10000 3600 1636 79 84 0 3 98 103 104
3 1 2 3 40000 18000 9333 75 75 9 3 57 84 102
3 3 4 5 10000 6000 4200 77 79 15 3 26 96 106
1 5 20000 44 48 37 3 34 52 103
3 9 10 11 30000 21600 17182 80 88 0 3 90 108 109
3 10 11 12 40000 29091 20000 85 94 0 3 91 110 111
6 9 10 11 12 13 14 10000 7200 5727 3000 1385 643 70 78 10 3 35 106 107
6 3 4 5 6 7 8 20000 12000 8400 5000 1714 750 95 97 0 3 51 112 115
3 4 5 6 30000 19200 12000 89 92 0 3 87 114 116
1 9 40000 86 94 0 3 86 105 113