2000
20000
0.5
0.02
0.1
250000
0.005
120
0
1 6 10000 1 6 0 0
6 7 8 9 10 11 12 20000 15750 9333 5600 2545 1167 1 7 0 0
3 10 11 12 30000 21818 15000 1 10 2 0
1 1 40000 1 1 0 0
6 4 5 6 7 8 9 10000 7200 4000 2857 1500 444 8 11 0 1 1
4 2 3 4 5 20000 12000 7000 4000 11 12 4 1 2
2 3 4 30000 18000 12 14 0 1 4
6 3 4 5 6 7 8 40000 24000 14400 10000 3429 1500 11 13 2 1 2
1 10 10000 15 24 1 1 6
3 4 5 6 20000 14400 9333 12 15 8 1 4
3 9 10 11 30000 24300 17182 2 10 0 1 3
1 2 40000 7 8 0 1 0
3 8 9 10 10000 8000 5600 15 22 0 1 6
5 4 5 6 7 8 20000 12800 9333 5714 2000 8 11 34 1 1
2 1 2 30000 12000 12 12 21 1 4
3 3 4 5 40000 27000 14400 7 9 1 1 0
6 10 11 12 13 14 15 10000 7273 5833 3846 2143 667 16 25 10 1 9
5 3 4 5 6 7 20000 12000 7200 4000 2571 10 12 9 1 15
5 8 9 10 11 12 30000 24000 16800 10909 4000 13 20 4 2 1 5
3 3 4 5 40000 24000 16800 11 13 0 1 10
3 7 8 9 10000 7875 5444 13 19 15 1 17
6 4 5 6 7 8 9 20000 12800 8000 5714 2000 889 10 13 22 1 15
2 9 10 30000 24300 14 22 0 1 19
6 3 4 5 6 7 8 40000 24000 16800 10000 3429 1500 14 16 18 1 19
3 2 3 4 10000 5333 3000 25 26 3 1 8
5 5 6 7 8 9 20000 15000 10000 5000 3333 13 17 9 1 17
4 1 2 3 4 30000 12000 7000 3750 9 9 0 1 11
1 7 40000 13 19 27 1 17
6 8 9 10 11 12 13 10000 7111 5600 2909 1333 615 20 27 15 2 11 20
3 4 5 6 20000 12800 9333 11 14 9 1 2
1 6 30000 14 19 0 1 19
4 10 11 12 13 40000 29091 20000 12308 10 19 0 1 26
5 1 2 3 4 5 10000 4000 2000 1000 400 28 28 18 1 28
5 8 9 10 11 12 20000 14222 9600 5818 2667 10 17 1 1 15
5 4 5 6 7 8 30000 19200 14000 8571 4500 15 18 9 1 29
4 5 6 7 8 40000 26667 17143 10000 23 27 25 1 22
2 10 11 10000 8182 15 24 3 1 6
1 3 20000 20 22 0 1 30
4 10 11 12 13 30000 24545 17500 9231 20 29 0 1 31
4 10 11 12 13 40000 29091 23333 15385 10 19 12 1 26
1 1 10000 13 13 48 1 14
1 3 20000 25 27 3 1 36
4 3 4 5 6 30000 20250 12600 6000 21 23 19 1 18
6 2 3 4 5 6 7 40000 21333 12000 6400 2667 1143 12 13 34 1 13
6 6 7 8 9 10 11 10000 7714 4500 2667 1200 545 10 15 13 1 26
3 4 5 6 20000 12800 8000 28 31 3 2 34 41
6 8 9 10 11 12 13 30000 24000 16800 10909 6000 1846 14 21 35 1 43
6 7 8 9 10 11 12 40000 28000 18667 14000 5091 2333 14 20 2 1 7
3 6 7 8 10000 6857 4500 7 12 24 1 0
3 5 6 7 20000 15000 8571 23 27 3 1 22
2 6 7 30000 20571 13 18 24 1 48
5 5 6 7 8 9 40000 26667 20000 12500 4444 21 25 8 1 18
2 1 2 10000 4000 26 26 10 1 16
2 6 7 20000 13714 14 19 16 1 7
4 1 2 3 4 30000 12000 7000 3750 13 13 21 1 14
5 9 10 11 12 13 40000 32400 19636 12000 5538 18 26 2 1 33
6 9 10 11 12 13 14 10000 8100 5727 3750 2077 643 16 24 13 1 44
1 10 20000 18 27 9 1 25
1 2 30000 23 24 0 1 37
5 6 7 8 9 10 40000 30857 21000 13333 7200 19 24 9 1 34
3 2 3 4 10000 5333 3000 21 22 4 1 18
4 10 11 12 13 20000 16364 11667 7692 16 25 8 1 9
2 5 6 30000 22500 30 34 0 2 24 38
1 1 40000 25 25 21 2 8 48
6 2 3 4 5 6 7 10000 5333 3500 1600 667 286 23 24 0 1 22
3 8 9 10 20000 16000 9600 25 32 1 1 8
2 1 2 30000 12000 29 29 18 2 32 63
6 4 5 6 7 8 9 40000 25600 18667 11429 6000 1778 28 31 15 1 28
2 9 10 10000 8100 25 33 9 1 59
2 4 5 20000 12800 25 28 0 1 64
1 8 30000 18 25 17 1 33
3 4 5 6 40000 28800 18667 35 38 0 2 23 62
6 3 4 5 6 7 8 10000 6000 3600 2000 857 375 23 25 11 1 12
6 9 10 11 12 13 14 20000 16200 9818 7500 4154 1286 25 33 0 2 9 58
3 8 9 10 30000 21333 14400 18 25 1 1 33
5 6 7 8 9 10 40000 30857 21000 10667 4800 25 30 16 1 36
3 8 9 10 10000 8000 5600 26 33 1 3 7 60 74
6 1 2 3 4 5 6 20000 9000 4667 2500 1200 333 39 39 0 2 11 71
1 8 30000 29 36 0 2 55 69
1 10 40000 23 32 0 2 12 47
2 4 5 10000 6400 25 28 13 1 56
2 7 8 20000 15750 21 27 13 1 47
2 2 3 30000 16000 32 33 3 1 45
1 2 40000 12 13 41 1 13
2 1 2 10000 4000 28 28 3 1 49
3 7 8 9 20000 14000 10889 35 41 6 2 62 81
1 8 30000 20 27 8 2 5 31
5 6 7 8 9 10 40000 27429 21000 10667 7200 29 34 3 1 84
2 2 3 10000 5333 20 21 12 1 39
2 8 9 20000 14222 12 19 37 1 13
4 5 6 7 8 30000 20000 12857 7500 34 38 0 3 51 73 79
2 6 7 40000 27429 33 38 1 3 61 65 88
2 9 10 10000 7200 35 43 0 3 54 62 76
1 6 20000 33 38 0 2 12 79
2 2 3 30000 18000 28 29 8 3 21 53 86
3 1 2 3 40000 18000 9333 42 42 6 2 66 85
5 1 2 3 4 5 10000 4500 2333 1250 400 37 37 0 3 52 72 78
4 6 7 8 9 20000 15429 9000 6667 34 39 3 2 57 82
4 6 7 8 9 30000 23143 15750 10000 28 33 21 1 49
4 10 11 12 13 40000 29091 23333 15385 39 48 0 1 93
1 4 10000 29 32 23 3 10 24 80
1 3 20000 44 46 0 1 92
1 10 30000 40 49 3 3 68 70 97
2 9 10 40000 32400 47 55 0 2 25 101
2 10 11 10000 8182 27 36 3 1 24
3 2 3 4 20000 10667 6000 34 35 21 3 16 83 98
2 6 7 30000 20571 40 45 0 3 77 91 104
4 9 10 11 12 40000 32400 22909 15000 29 37 13 1 80
2 5 6 10000 7500 36 40 21 3 46 89 105
4 5 6 7 8 20000 13333 8571 6250 26 30 17 3 42 50 74
4 4 5 6 7 30000 19200 14000 6857 49 52 0 2 95 99
6 10 11 12 13 14 15 40000 29091 20000 12308 5714 2667 38 47 0 3 87 94 96
5 9 10 11 12 13 10000 8100 4909 3000 2077 53 61 0 3 35 102 110
4 10 11 12 13 20000 16364 10000 6154 56 65 0 3 93 100 103
3 4 5 6 30000 21600 12000 32 35 15 3 27 67 75
2 3 4 40000 27000 48 50 0 3 43 109 111
2 3 4 10000 6000 62 64 0 3 40 108 112
5 6 7 8 9 10 20000 13714 10500 6667 2400 39 44 0 2 16 90
5 8 9 10 11 12 30000 24000 16800 8727 6000 65 72 0 2 34 116
4 8 9 10 11 40000 32000 19200 11636 51 58 0 3 107 114 115