2000
20000
0.5
0.02
0.1
250000
0.005
120
0
1 1 10000 1 1 13 0
2 9 10 20000 16200 1 9 0 0
4 6 7 8 9 30000 20571 15750 8000 1 6 9 0
5 8 9 10 11 12 40000 28444 22400 11636 5333 1 8 28 0
2 2 3 10000 6000 10 11 12 1 1
6 9 10 11 12 13 14 20000 16200 9818 7500 4154 1286 7 15 9 1 2
5 6 7 8 9 10 30000 23143 15750 10000 5400 10 15 0 1 1
4 5 6 7 8 40000 26667 20000 10000 16 20 29 1 5
1 6 10000 16 21 9 1 5
3 1 2 3 20000 9000 4000 7 7 12 1 2
1 4 30000 16 19 0 2 2 6
6 1 2 3 4 5 6 40000 18000 9333 4000 2400 667 16 16 17 1 5
3 8 9 10 10000 8000 5600 2 9 13 1 0
4 1 2 3 4 20000 9000 4667 2000 20 20 0 1 10
3 5 6 7 30000 20000 15000 8 12 12 1 9
6 1 2 3 4 5 6 40000 16000 9333 5000 2400 667 2 2 25 1 0
6 9 10 11 12 13 14 10000 7200 4909 3000 2077 643 21 29 46 1 7
3 8 9 10 20000 16000 9600 20 27 15 1 10
4 4 5 6 7 30000 19200 14000 8571 12 15 14 1 4
6 4 5 6 7 8 9 40000 28800 18667 9143 4000 1778 2 5 17 1 0
3 3 4 5 10000 6000 4200 13 15 12 1 14
6 7 8 9 10 11 12 20000 14000 9333 5600 3818 1167 16 22 14 2 9 18
5 2 3 4 5 6 30000 16000 9000 4800 3000 21 22 0 1 13
4 6 7 8 9 40000 30857 21000 10667 22 27 9 1 8
6 10 11 12 13 14 15 10000 7273 5000 3846 2143 667 12 21 12 1 4
6 7 8 9 10 11 12 20000 14000 9333 5600 3818 1167 21 27 4 1 13
5 8 9 10 11 12 30000 21333 14400 10909 6000 21 28 2 1 13
1 10 40000 10 19 12 1 1
6 4 5 6 7 8 9 10000 7200 4000 2286 1000 444 23 26 0 3 12 19 22
3 8 9 10 20000 14222 9600 10 17 18 1 12
6 9 10 11 12 13 14 30000 24300 17182 9000 6231 1929 22 30 17 1 8
5 7 8 9 10 11 40000 28000 21778 11200 7636 23 29 22 1 21
2 1 2 10000 4500 16 16 31 1 18
4 1 2 3 4 20000 9000 4667 2500 22 22 17 1 8
5 1 2 3 4 5 30000 12000 6000 3750 1800 23 23 14 1 21
3 8 9 10 40000 32000 19200 10 17 13 1 12
6 3 4 5 6 7 8 10000 6000 4200 2500 857 375 27 29 0 2 22 28
3 9 10 11 20000 16200 11455 27 35 0 2 9 28
6 1 2 3 4 5 6 30000 13500 7000 3000 1800 500 30 30 1 3 26 35 36
6 10 11 12 13 14 15 40000 32727 20000 12308 5714 2667 28 37 4 1 25
3 2 3 4 10000 5333 3500 17 18 17 1 11
1 8 20000 16 23 12 2 15 20
4 5 6 7 8 30000 20000 12857 9375 12 16 57 1 4
6 1 2 3 4 5 6 40000 18000 9333 5000 1600 667 16 16 34 1 20
2 4 5 10000 6400 30 33 0 1 36
3 6 7 8 20000 13714 10500 30 35 22 3 14 28 31
5 6 7 8 9 10 30000 23143 13500 10000 3600 16 21 33 1 6
1 7 40000 36 42 0 2 20 37
4 9 10 11 12 10000 7200 5727 3750 34 42 0 1 44
1 1 20000 24 24 12 3 10 40 41
5 5 6 7 8 9 30000 20000 12857 7500 3333 24 28 14 3 6 14 34
4 7 8 9 10 40000 28000 21778 14000 18 24 18 1 29
1 3 10000 30 32 25 2 3 36
4 5 6 7 8 20000 13333 8571 6250 31 35 33 3 30 49 50
4 8 9 10 11 30000 24000 16800 10909 29 36 15 1 26
6 4 5 6 7 8 9 40000 28800 16000 11429 4000 1778 29 32 14 2 3 50
6 9 10 11 12 13 14 10000 8100 4909 3000 2077 643 22 30 12 1 24
2 9 10 20000 14400 43 51 0 3 47 50 51
6 2 3 4 5 6 7 30000 18000 10500 4800 2000 857 28 29 27 3 25 32 46
5 10 11 12 13 14 40000 32727 23333 12308 8571 52 61 0 3 11 24 57
2 9 10 10000 7200 25 33 12 2 3 49
6 1 2 3 4 5 6 20000 8000 4000 2000 1200 333 34 34 6 3 33 34 44
4 4 5 6 7 30000 21600 12000 8571 36 39 20 1 37
3 6 7 8 40000 30857 21000 33 38 34 3 40 52 56
4 9 10 11 12 10000 8100 5727 3000 43 51 5 3 27 48 56
6 4 5 6 7 8 9 20000 12800 9333 5714 2000 889 52 55 0 2 27 57
6 6 7 8 9 10 11 30000 20571 13500 10000 5400 1636 29 34 8 2 23 26
3 3 4 5 40000 27000 14400 62 64 0 2 59 62
3 8 9 10 10000 7111 4800 35 42 8 2 17 66
1 1 20000 38 38 4 3 22 39 49
4 3 4 5 6 30000 18000 10800 6000 43 45 0 2 21 47
4 9 10 11 12 40000 32400 22909 12000 31 39 1 2 27 38
2 8 9 10000 8000 35 42 13 1 66
2 9 10 20000 16200 40 48 1 2 61 71
3 4 5 6 30000 19200 14000 31 34 17 3 24 30 32
5 6 7 8 9 10 40000 27429 21000 13333 7200 24 29 17 1 41
1 4 10000 46 49 0 3 40 60 70
3 4 5 6 20000 12800 8000 43 46 10 3 30 61 68
2 6 7 30000 23143 50 55 0 3 7 73 76
4 5 6 7 8 40000 26667 17143 10000 43 47 15 3 48 52 75
3 4 5 6 10000 7200 4000 56 59 0 3 65 70 73
1 5 20000 62 66 0 3 23 43 59
2 4 5 30000 21600 37 40 15 3 19 54 74
5 6 7 8 9 10 40000 30857 18000 13333 7200 40 45 36 3 16 25 71
3 9 10 11 10000 7200 5727 43 51 8 3 43 66 68
3 2 3 4 20000 12000 6000 67 68 0 3 23 37 81
2 1 2 30000 13500 43 43 14 3 58 72 82
5 5 6 7 8 9 40000 26667 17143 12500 4444 52 56 5 3 64 74 77
2 3 4 10000 6750 43 45 0 3 48 56 69
5 9 10 11 12 13 20000 14400 11455 7500 2769 33 41 14 3 17 55 75
4 4 5 6 7 30000 19200 14000 6857 69 72 0 3 33 53 85
4 1 2 3 4 40000 16000 8000 5000 56 56 0 3 72 78 82
6 1 2 3 4 5 6 10000 4000 2333 1000 600 167 73 73 0 3 69 73 90
2 1 2 20000 9000 65 65 0 3 57 67 91
3 3 4 5 30000 18000 10800 38 40 40 3 29 33 39
4 10 11 12 13 40000 32727 23333 15385 46 55 0 3 35 51 88
2 8 9 10000 8000 60 67 0 3 62 80 84
2 3 4 20000 13500 48 50 15 3 55 72 79
4 1 2 3 4 30000 13500 7000 3750 65 65 17 3 67 71 83
4 2 3 4 5 40000 21333 12000 6400 56 57 0 3 38 89 95
5 7 8 9 10 11 10000 7875 4667 2800 1909 44 50 14 3 47 58 86
5 6 7 8 9 10 20000 13714 10500 5333 3600 68 73 3 3 60 76 96
5 5 6 7 8 9 30000 20000 12857 9375 3333 57 61 0 3 17 89 91
3 7 8 9 40000 31500 18667 66 72 0 3 61 93 97
1 7 10000 62 68 0 3 87 95 102
3 8 9 10 20000 16000 9600 73 80 0 3 32 75 103
6 9 10 11 12 13 14 30000 24300 17182 9000 6231 1929 68 76 0 3 54 89 96
1 8 40000 81 88 0 3 74 94 105
1 10 10000 33 42 31 3 15 46 52
3 8 9 10 20000 14222 9600 66 73 15 3 80 86 93
2 1 2 30000 12000 66 66 17 3 67 98 108
5 3 4 5 6 7 40000 24000 16800 10000 5143 67 69 6 3 63 81 82
6 10 11 12 13 14 15 10000 8182 5000 3077 2143 667 74 83 0 3 42 92 108
3 2 3 4 20000 12000 6000 77 78 0 3 80 101 106
1 7 30000 69 75 0 3 64 79 104
1 7 40000 58 64 0 3 45 54 99
1 2 10000 76 77 0 3 102 111 114
5 9 10 11 12 13 20000 14400 11455 6000 4154 89 97 0 3 55 107 109
2 2 3 30000 18000 65 66 0 3 84 100 115
2 7 8 40000 28000 84 90 0 3 39 110 112