2000
20000
0.5
0.02
0.1
250000
0.005
120
0
1 6 10000 1 6 0 0
6 3 4 5 6 7 8 20000 12000 7200 5000 2571 750 1 3 13 0
6 5 6 7 8 9 10 30000 22500 15000 7500 3333 1500 1 5 11 0
5 5 6 7 8 9 40000 30000 17143 10000 4444 1 5 17 0
2 1 2 10000 4500 4 4 53 1 1
3 5 6 7 20000 13333 8571 7 11 0 1 0
6 9 10 11 12 13 14 30000 21600 17182 9000 4154 1929 6 14 15 1 2
3 3 4 5 40000 27000 14400 6 8 25 1 2
2 8 9 10000 8000 12 19 0 1 5
2 1 2 20000 9000 4 4 16 1 1
2 8 9 30000 24000 20 27 0 1 8
2 10 11 40000 29091 20 29 0 1 8
3 8 9 10 10000 7111 5600 7 14 16 1 0
2 3 4 20000 12000 4 6 13 1 1
6 7 8 9 10 11 12 30000 23625 16333 10500 3818 1750 6 12 11 1 2
5 3 4 5 6 7 40000 24000 14400 10000 5143 30 32 0 1 11
1 7 10000 7 13 13 2 0 13
4 6 7 8 9 20000 13714 10500 5333 13 18 11 1 14
1 4 30000 14 17 13 1 16
4 10 11 12 13 40000 32727 23333 15385 28 37 0 1 10
1 7 10000 30 36 0 1 11
6 7 8 9 10 11 12 20000 14000 10889 5600 2545 1167 13 19 26 1 14
1 7 30000 30 36 0 1 11
2 2 3 40000 24000 18 19 24 2 14 18
3 9 10 11 10000 8100 5727 5 13 16 1 9
3 10 11 12 20000 14545 10000 37 46 19 1 20
4 3 4 5 6 30000 18000 12600 7500 9 11 74 1 7
5 8 9 10 11 12 40000 32000 22400 14545 8000 6 13 17 1 3
6 5 6 7 8 9 10 10000 7500 4286 3125 1111 500 33 37 0 1 15
4 6 7 8 9 20000 13714 9000 6667 14 19 17 1 27
2 7 8 30000 21000 6 12 32 1 3
2 1 2 40000 16000 37 37 0 1 22
2 3 4 10000 6000 38 40 0 2 7 28
3 10 11 12 20000 14545 11667 28 37 11 1 10
1 8 30000 19 26 11 2 6 17
3 7 8 9 40000 28000 21778 12 18 42 1 5
4 5 6 7 8 10000 7500 5000 2500 41 45 0 1 32
6 7 8 9 10 11 12 20000 14000 9333 7000 3818 1167 18 24 13 2 3 18
1 9 30000 38 46 0 3 12 31 34
1 9 40000 20 28 24 2 6 23
5 2 3 4 5 6 10000 6000 3500 2000 667 38 39 0 1 19
1 1 20000 14 14 16 1 24
4 6 7 8 9 30000 23143 13500 10000 38 43 11 3 9 10 33
4 3 4 5 6 40000 27000 16800 8000 14 16 38 1 16
2 8 9 10000 8000 13 20 32 1 30
4 10 11 12 13 20000 14545 11667 7692 40 49 0 1 40
4 10 11 12 13 30000 24545 15000 9231 44 53 32 2 35 42
5 1 2 3 4 5 40000 18000 8000 4000 1600 37 37 0 2 20 29
6 5 6 7 8 9 10 10000 6667 5000 3125 1667 500 47 51 0 1 38
1 7 20000 54 60 32 2 36 46
5 6 7 8 9 10 30000 23143 15750 10000 3600 15 20 16 2 12 41
3 7 8 9 40000 31500 18667 15 21 26 1 12
2 4 5 10000 6400 9 12 25 2 7 13
2 7 8 20000 15750 33 39 22 2 15 44
6 6 7 8 9 10 11 30000 20571 13500 10000 5400 1636 21 26 16 1 50
2 4 5 40000 28800 40 43 16 1 40
6 7 8 9 10 11 12 10000 7875 5444 3500 1273 583 40 46 22 2 23 53
5 9 10 11 12 13 20000 14400 9818 6000 4154 15 23 54 1 41
1 5 30000 38 42 0 3 37 47 52
5 2 3 4 5 6 40000 21333 12000 8000 4000 44 45 16 3 44 47 55
6 3 4 5 6 7 8 10000 6000 4200 2000 857 375 50 52 0 2 28 45
1 9 20000 46 54 16 2 40 59
4 3 4 5 6 30000 18000 12600 7500 53 55 0 3 39 44 60
2 5 6 40000 26667 20 24 48 1 21
6 7 8 9 10 11 12 10000 7000 4667 3500 1273 583 46 52 0 3 21 22 36
1 5 20000 56 60 0 3 24 27 62
3 5 6 7 30000 22500 15000 43 47 0 3 16 54 58
2 8 9 40000 28444 53 60 9 3 6 28 64
2 10 11 10000 7273 56 65 4 2 42 62
2 7 8 20000 15750 47 53 19 3 25 41 59
4 1 2 3 4 30000 13500 6000 3750 27 27 27 1 34
6 5 6 7 8 9 10 40000 30000 20000 12500 6667 2000 48 52 0 3 30 51 66
2 3 4 10000 6000 40 42 24 3 8 33 53
4 5 6 7 8 20000 15000 8571 6250 54 58 19 3 52 63 69
6 1 2 3 4 5 6 30000 13500 7000 3750 1200 500 50 50 19 3 20 45 56
5 9 10 11 12 13 40000 32400 19636 15000 8308 52 60 0 2 45 48
3 2 3 4 10000 5333 3500 54 55 24 3 54 60 69
6 1 2 3 4 5 6 20000 9000 4667 2500 1200 333 61 61 32 3 22 47 49
4 10 11 12 13 30000 21818 17500 11538 61 70 0 3 37 66 75
4 10 11 12 13 40000 32727 20000 15385 46 55 35 2 34 36
6 9 10 11 12 13 14 10000 7200 5727 3750 1385 643 71 79 0 3 62 74 78
3 9 10 11 20000 14400 11455 61 69 0 3 35 65 71
1 5 30000 53 57 0 3 31 64 71
6 8 9 10 11 12 13 40000 28444 19200 11636 5333 2462 71 78 0 3 31 61 78
4 7 8 9 10 10000 7875 5444 2800 62 68 32 3 17 77 79
3 6 7 8 20000 15429 9000 71 76 9 3 58 76 78
4 3 4 5 6 30000 20250 10800 7500 44 46 11 3 42 43 70
4 8 9 10 11 40000 28444 22400 14545 70 77 0 3 67 74 81
3 7 8 9 10000 7000 5444 70 76 2 3 48 56 81
6 5 6 7 8 9 10 20000 13333 8571 6250 3333 1000 53 57 21 3 5 17 60
5 8 9 10 11 12 30000 24000 16800 10909 4000 61 68 15 3 51 67 74
2 3 4 40000 24000 47 49 20 3 25 70 72
2 8 9 10000 7111 78 85 0 3 57 73 87
5 7 8 9 10 11 20000 15750 10889 7000 2545 58 64 0 3 4 82 86
2 8 9 30000 21333 52 59 36 3 43 48 70
3 3 4 5 40000 27000 14400 61 63 16 3 51 75 91
5 3 4 5 6 7 10000 6750 4200 2500 1286 62 64 36 3 77 89 94
2 6 7 20000 15429 78 83 0 3 58 86 87
2 5 6 30000 22500 78 82 1 3 54 87 89
2 9 10 40000 32400 53 61 16 3 39 59 71
6 5 6 7 8 9 10 10000 7500 4286 2500 1667 500 65 69 0 3 52 53 93
1 7 20000 77 83 2 3 66 82 88
5 5 6 7 8 9 30000 20000 15000 7500 5000 70 74 26 3 93 94 100
3 6 7 8 40000 27429 21000 80 85 0 3 19 76 80
6 1 2 3 4 5 6 10000 4000 2333 1250 400 167 62 62 16 3 69 82 99
4 9 10 11 12 20000 16200 11455 6000 84 92 0 3 90 97 98
2 7 8 30000 23625 79 85 0 3 73 83 104
1 8 40000 93 100 0 3 23 93 105
3 7 8 9 10000 7875 5444 70 76 0 3 68 91 100
4 10 11 12 13 20000 14545 11667 6154 101 110 0 3 30 96 107
1 9 30000 86 94 0 3 85 92 104
3 5 6 7 40000 30000 17143 86 90 0 3 26 33 103
3 2 3 4 10000 6000 3500 75 76 26 3 13 84 102
3 3 4 5 20000 13500 8400 91 93 0 3 15 79 111
6 8 9 10 11 12 13 30000 21333 16800 10909 6000 1846 95 102 0 3 49 89 110
4 2 3 4 5 40000 24000 14000 8000 86 87 0 3 76 101 106
1 8 10000 103 110 0 3 86 112 114
4 4 5 6 7 20000 14400 9333 4571 88 91 0 3 95 99 115
4 6 7 8 9 30000 23143 13500 8000 80 85 0 3 63 80 95
6 5 6 7 8 9 10 40000 26667 17143 10000 6667 2000 111 115 0 3 37 96 109