2000
20000
0.5
0.02
0.1
250000
0.005
120
0
1 8 10000 1 8 3 0
4 1 2 3 4 20000 8000 4000 2000 1 1 23 0
4 6 7 8 9 30000 23143 15750 10000 1 6 0 0
6 10 11 12 13 14 15 40000 29091 20000 12308 5714 2667 1 10 53 0
3 1 2 3 10000 4000 2000 9 9 3 1 0
1 2 20000 7 8 0 1 2
3 2 3 4 30000 18000 10500 10 11 13 1 4
6 6 7 8 9 10 11 40000 30857 21000 10667 7200 2182 7 12 35 1 2
3 9 10 11 10000 7200 4909 9 17 7 1 0
2 5 6 20000 13333 9 13 36 1 5
1 1 30000 2 2 24 1 1
2 7 8 40000 28000 10 16 3 1 4
1 10 10000 3 12 24 1 10
3 1 2 3 20000 8000 4000 9 9 0 1 5
4 10 11 12 13 30000 21818 15000 9231 13 22 24 1 12
3 6 7 8 40000 27429 21000 10 15 0 1 13
1 6 10000 9 14 52 1 5
4 10 11 12 13 20000 16364 11667 7692 23 32 26 2 11 14
2 5 6 30000 20000 12 16 18 1 6
4 2 3 4 5 40000 24000 12000 8000 2 3 23 1 1
5 6 7 8 9 10 10000 6857 4500 3333 1800 16 21 0 1 15
2 6 7 20000 15429 33 38 31 2 13 17
2 8 9 30000 24000 4 11 47 1 19
2 7 8 40000 31500 23 29 24 1 14
2 4 5 10000 7200 14 17 36 1 9
3 4 5 6 20000 14400 9333 30 33 28 2 13 23
2 7 8 30000 21000 16 22 13 1 15
6 6 7 8 9 10 11 40000 27429 18000 13333 7200 2182 12 17 47 1 22
2 10 11 10000 7273 18 27 36 1 24
6 8 9 10 11 12 13 20000 14222 9600 7273 2667 1231 30 37 24 1 23
5 7 8 9 10 11 30000 21000 16333 8400 3818 17 23 3 1 11
4 5 6 7 8 40000 30000 20000 12500 22 26 0 1 20
3 5 6 7 10000 7500 4286 10 14 64 1 4
6 3 4 5 6 7 8 20000 13500 7200 5000 2571 750 12 14 50 1 6
4 8 9 10 11 30000 24000 16800 10909 4 11 23 1 19
6 8 9 10 11 12 13 40000 28444 19200 11636 5333 2462 33 40 26 1 17
2 10 11 10000 8182 23 32 34 1 26
6 4 5 6 7 8 9 20000 12800 8000 4571 3000 889 9 12 53 1 0
1 6 30000 33 38 30 1 17
2 6 7 40000 27429 33 38 42 2 22 36
5 3 4 5 6 7 10000 6000 3600 2000 857 17 19 18 2 18 34
1 9 20000 4 12 23 1 19
6 2 3 4 5 6 7 30000 18000 10500 6000 2000 857 18 19 7 2 6 8
4 9 10 11 12 40000 28800 22909 12000 17 25 45 1 11
5 7 8 9 10 11 10000 7000 5444 2800 1909 38 44 25 2 29 30
2 9 10 20000 16200 27 35 0 3 30 31 42
3 10 11 12 30000 24545 15000 20 29 18 1 40
6 2 3 4 5 6 7 40000 21333 14000 6400 4000 1143 3 4 64 1 10
5 1 2 3 4 5 10000 4000 2333 1250 600 18 18 50 1 27
4 3 4 5 6 20000 13500 7200 5000 30 32 18 2 7 46
4 10 11 12 13 30000 21818 15000 11538 36 45 0 3 26 41 45
2 1 2 40000 16000 28 28 36 2 3 28
1 2 10000 45 46 37 2 41 44
5 9 10 11 12 13 20000 16200 9818 7500 4154 33 41 34 3 20 36 40
4 5 6 7 8 30000 22500 15000 9375 46 50 0 2 8 50
5 2 3 4 5 6 40000 21333 12000 8000 4000 36 37 29 2 10 45
1 6 10000 45 50 25 3 29 44 46
3 8 9 10 20000 16000 9600 7 14 45 1 2
3 2 3 4 30000 18000 9000 14 15 66 1 9
4 5 6 7 8 40000 26667 20000 10000 13 17 59 1 12
3 5 6 7 10000 6667 4286 13 17 53 2 1 37
2 4 5 20000 14400 33 36 36 2 36 51
2 9 10 30000 24300 51 59 0 3 30 49 54
6 8 9 10 11 12 13 40000 28444 22400 11636 5333 2462 41 48 26 3 16 35 55
4 3 4 5 6 10000 6750 3600 2000 27 29 44 2 31 43
5 3 4 5 6 7 20000 13500 7200 4000 1714 38 40 24 3 25 29 31
4 7 8 9 10 30000 23625 14000 10500 45 51 28 3 44 46 61
4 9 10 11 12 40000 28800 22909 15000 29 37 36 2 3 51
3 1 2 3 10000 4500 2000 39 39 31 2 21 41
4 2 3 4 5 20000 12000 7000 3200 47 48 37 3 51 52 58
5 9 10 11 12 13 30000 24300 17182 11250 6231 60 68 0 2 57 62
5 6 7 8 9 10 40000 27429 18000 10667 7200 60 65 23 2 49 62
1 10 10000 69 78 0 2 47 70
3 8 9 10 20000 14222 9600 51 58 30 3 28 54 55
2 1 2 30000 13500 79 79 0 3 48 68 72
5 8 9 10 11 12 40000 28444 19200 11636 5333 51 58 25 3 56 61 67
1 6 10000 66 71 23 3 53 63 71
3 6 7 8 20000 15429 9000 23 28 46 3 14 34 48
3 5 6 7 30000 22500 15000 20 24 57 3 8 37 42
2 6 7 40000 30857 49 54 26 3 25 50 63
2 5 6 10000 7500 51 55 20 3 54 60 68
6 5 6 7 8 9 10 20000 15000 10000 6250 3333 1000 79 83 1 3 16 66 72
1 3 30000 40 42 37 3 16 59 68
1 6 40000 20 25 62 3 34 42 58
4 6 7 8 9 10000 6857 5250 2667 80 85 0 3 74 80 82
1 1 20000 60 60 15 3 24 62 77
1 7 30000 42 48 34 3 21 26 53
5 1 2 3 4 5 40000 18000 9333 5000 1600 84 84 1 3 66 79 81
5 4 5 6 7 8 10000 7200 4667 2286 1500 41 44 24 3 27 33 65
5 4 5 6 7 8 20000 12800 9333 4571 2000 59 62 30 3 35 73 77
6 1 2 3 4 5 6 30000 12000 6000 3000 1200 500 85 85 10 3 76 81 87
3 6 7 8 40000 27429 21000 63 68 30 3 57 64 89
3 5 6 7 10000 6667 4286 45 49 24 3 27 38 88
1 7 20000 49 55 34 3 9 22 86
3 3 4 5 30000 20250 12600 85 87 1 3 32 74 87
1 5 40000 69 73 7 3 70 80 85
2 8 9 10000 7111 69 76 22 3 24 48 70
2 4 5 20000 14400 86 89 0 3 84 85 88
3 5 6 7 30000 22500 12857 59 63 37 3 53 73 92
2 8 9 40000 32000 56 63 25 3 79 80 82
4 4 5 6 7 10000 7200 4667 2286 77 80 22 3 60 91 96
5 9 10 11 12 13 20000 14400 11455 6000 2769 74 82 16 3 75 78 95
5 9 10 11 12 13 30000 24300 17182 11250 6231 74 82 7 3 39 60 95
6 5 6 7 8 9 10 40000 30000 20000 10000 4444 2000 50 54 24 3 64 67 92
3 3 4 5 10000 6000 3600 52 54 34 3 59 66 69
3 5 6 7 20000 13333 8571 79 83 0 3 32 72 103
6 6 7 8 9 10 11 30000 23143 13500 8000 3600 1636 38 43 44 3 47 55 78
5 2 3 4 5 6 40000 21333 12000 8000 4000 69 70 32 3 91 92 98
2 6 7 10000 6857 84 89 0 3 52 75 105
1 9 20000 88 96 1 3 94 99 104
4 6 7 8 9 30000 20571 15750 8000 83 88 7 3 38 93 102
6 5 6 7 8 9 10 40000 26667 17143 12500 4444 2000 46 50 42 3 50 83 106
3 9 10 11 10000 8100 5727 90 98 0 3 65 97 108
4 2 3 4 5 20000 12000 7000 4000 89 90 7 3 90 110 111
3 1 2 3 30000 12000 7000 99 99 0 3 71 101 112
2 7 8 40000 31500 56 62 37 3 82 93 111
4 2 3 4 5 10000 6000 3500 1600 97 98 1 3 63 109 113
3 10 11 12 20000 16364 10000 74 83 19 3 37 56 95
4 3 4 5 6 30000 18000 10800 7500 100 102 0 3 114 115 116
3 8 9 10 40000 32000 19200 90 97 5 3 33 97 106