2000
20000
0.5
0.02
0.1
250000
0.005
120
0
1 7 10000 1 7 42 0
2 4 5 20000 12800 1 4 15 0
2 5 6 30000 20000 1 5 0 0
4 5 6 7 8 40000 30000 20000 10000 1 5 16 0
1 10 10000 6 15 0 1 2
6 9 10 11 12 13 14 20000 14400 11455 7500 2769 1286 6 14 15 1 2
5 8 9 10 11 12 30000 24000 14400 8727 4000 16 23 0 1 4
4 7 8 9 10 40000 31500 18667 11200 6 12 16 1 3
4 10 11 12 13 10000 7273 5833 3846 24 33 0 1 6
2 7 8 20000 14000 24 30 1 1 6
4 9 10 11 12 30000 24300 17182 9000 13 21 16 1 7
4 2 3 4 5 40000 21333 14000 6400 31 32 46 1 9
2 6 7 10000 6857 31 36 1 1 9
1 1 20000 5 5 15 1 1
5 5 6 7 8 9 30000 22500 12857 9375 5000 15 19 15 1 5
5 2 3 4 5 6 40000 24000 14000 6400 4000 31 32 5 1 9
5 5 6 7 8 9 10000 6667 4286 3125 1111 15 19 27 1 5
2 1 2 20000 9000 37 37 1 1 12
2 3 4 30000 20250 24 26 14 1 6
5 3 4 5 6 7 40000 27000 16800 8000 3429 6 8 15 1 13
3 10 11 12 10000 7273 5000 5 14 38 1 1
3 1 2 3 20000 8000 4667 37 37 4 3 12 14 18
6 7 8 9 10 11 12 30000 21000 14000 8400 3818 1750 20 26 23 1 14
5 6 7 8 9 10 40000 27429 21000 13333 4800 38 43 15 2 18 21
1 6 10000 6 11 34 1 3
3 7 8 9 20000 15750 9333 22 28 22 2 4 10
4 7 8 9 10 30000 23625 14000 8400 13 19 37 2 0 7
2 7 8 40000 31500 9 15 15 1 19
6 2 3 4 5 6 7 10000 6000 3500 1600 1000 286 5 6 61 1 1
2 10 11 20000 16364 38 47 21 1 21
2 9 10 30000 21600 38 46 1 1 17
2 1 2 40000 16000 38 38 3 1 17
4 9 10 11 12 10000 8100 4909 3750 6 14 23 1 3
1 4 20000 12 15 46 1 24
3 4 5 6 30000 19200 14000 34 37 17 1 8
1 4 40000 20 23 32 1 16
5 4 5 6 7 8 10000 7200 4000 2857 1000 38 41 17 2 10 34
6 5 6 7 8 9 10 20000 13333 8571 6250 2222 1000 47 51 1 1 30
5 6 7 8 9 10 30000 23143 13500 8000 5400 8 13 52 1 0
2 3 4 40000 27000 38 40 1 1 17
1 8 10000 16 23 15 1 27
3 7 8 9 20000 14000 9333 20 26 15 1 14
3 1 2 3 30000 13500 6000 24 24 15 1 40
4 1 2 3 4 40000 18000 8000 5000 27 27 15 2 5 41
6 2 3 4 5 6 7 10000 6000 3000 2000 667 286 34 35 4 3 8 15 32
1 6 20000 28 33 15 1 43
3 3 4 5 30000 18000 10800 16 18 28 1 27
5 4 5 6 7 8 40000 25600 18667 11429 4000 29 32 22 1 25
2 2 3 10000 6000 20 21 27 1 16
2 1 2 20000 9000 33 33 46 3 11 28 35
6 7 8 9 10 11 12 30000 23625 16333 8400 5727 1750 16 22 57 2 2 27
5 3 4 5 6 7 40000 24000 16800 8000 3429 42 44 17 2 16 36
3 1 2 3 10000 4500 2333 36 36 4 2 42 44
3 2 3 4 20000 10667 6000 41 42 9 3 22 39 45
3 10 11 12 30000 24545 15000 19 28 28 1 46
1 7 40000 34 40 0 1 8
5 6 7 8 9 10 10000 7714 4500 3333 1200 43 48 9 2 39 53
6 3 4 5 6 7 8 20000 12000 7200 5000 1714 750 22 24 16 1 10
6 7 8 9 10 11 12 30000 23625 16333 8400 3818 1750 41 47 1 3 21 31 39
5 3 4 5 6 7 40000 27000 16800 10000 3429 24 26 32 2 19 35
2 9 10 10000 8100 22 30 35 3 0 26 48
3 9 10 11 20000 14400 9818 34 42 15 3 4 45 57
2 5 6 30000 20000 41 45 0 3 52 55 57
3 3 4 5 40000 27000 14400 15 17 53 2 20 28
3 1 2 3 10000 4500 2000 48 48 26 3 55 58 59
4 8 9 10 11 20000 14222 9600 5818 49 56 9 2 44 56
2 3 4 30000 20250 41 43 18 3 42 55 59
4 3 4 5 6 40000 24000 14400 8000 34 36 46 2 25 49
2 9 10 10000 8100 46 54 0 2 24 62
2 4 5 20000 12800 52 55 1 3 20 24 37
4 7 8 9 10 30000 23625 16333 8400 44 50 15 2 23 34
6 10 11 12 13 14 15 40000 32727 23333 15385 8571 2667 55 64 0 3 47 48 68
6 7 8 9 10 11 12 10000 7875 5444 2800 1273 583 37 43 23 2 12 44
5 1 2 3 4 5 20000 8000 4000 2000 800 56 56 1 3 54 68 69
2 9 10 30000 24300 48 56 1 3 48 52 58
5 7 8 9 10 11 40000 31500 21778 11200 5091 65 71 4 3 18 56 71
2 5 6 10000 7500 57 61 9 3 45 65 70
4 3 4 5 6 20000 12000 8400 5000 65 67 0 3 37 71 73
4 5 6 7 8 30000 22500 12857 9375 57 61 17 3 20 61 74
2 4 5 40000 28800 57 60 14 3 38 63 65
2 8 9 10000 7111 57 64 1 3 61 73 74
5 7 8 9 10 11 20000 15750 10889 7000 2545 44 50 23 3 36 52 72
5 4 5 6 7 8 30000 21600 12000 8571 3000 44 47 18 3 13 33 66
2 2 3 40000 24000 13 14 47 1 7
4 5 6 7 8 10000 7500 5000 2500 44 48 26 3 41 66 72
2 4 5 20000 12800 57 60 13 3 42 73 83
5 3 4 5 6 7 30000 20250 10800 7500 2571 46 48 20 3 54 60 62
6 4 5 6 7 8 9 40000 25600 16000 11429 4000 1778 48 51 18 3 38 82 83
3 3 4 5 10000 6750 3600 65 67 10 3 64 71 82
3 6 7 8 20000 15429 9000 61 66 22 3 67 68 79
6 5 6 7 8 9 10 30000 20000 12857 9375 5000 1500 52 56 18 3 51 86 87
5 7 8 9 10 11 40000 31500 21778 14000 5091 49 55 20 3 28 29 86
6 7 8 9 10 11 12 10000 7000 5444 2800 1909 583 68 74 7 3 77 79 90
1 3 20000 62 64 9 3 53 76 86
1 3 30000 72 74 4 3 64 75 91
2 9 10 40000 28800 65 73 4 3 26 46 80
3 2 3 4 10000 5333 3500 51 52 27 3 22 63 70
3 1 2 3 20000 8000 4000 65 65 9 3 30 85 93
5 9 10 11 12 13 30000 24300 14727 11250 6231 68 76 0 3 60 72 77
5 9 10 11 12 13 40000 28800 22909 12000 8308 45 53 17 3 51 61 83
4 9 10 11 12 10000 7200 4909 3750 68 76 5 3 34 60 77
3 5 6 7 20000 13333 10000 65 69 1 3 15 65 80
2 5 6 30000 20000 77 81 0 3 59 97 98
5 7 8 9 10 11 40000 31500 18667 11200 5091 65 71 8 3 40 80 99
4 3 4 5 6 10000 6000 3600 2000 70 72 1 3 47 99 101
2 9 10 20000 14400 51 59 23 3 51 70 81
1 1 30000 73 73 1 3 38 101 104
6 7 8 9 10 11 12 40000 31500 21778 11200 7636 2333 62 68 17 3 36 78 99
3 5 6 7 10000 6667 5000 74 78 4 3 64 79 95
1 4 20000 74 77 1 3 84 97 106
2 1 2 30000 13500 82 82 0 3 85 102 104
1 6 40000 79 84 4 3 29 76 108
5 1 2 3 4 5 10000 4000 2333 1000 600 77 77 5 3 56 92 100
4 4 5 6 7 20000 12800 8000 4571 52 55 30 3 19 23 37
3 6 7 8 30000 20571 15750 74 79 4 3 23 88 106
3 4 5 6 40000 28800 18667 72 75 8 3 50 96 103
6 3 4 5 6 7 8 10000 6000 3600 2500 1286 375 69 71 17 3 54 107 113
4 10 11 12 13 20000 14545 11667 6154 78 87 1 3 94 98 109
3 5 6 7 30000 20000 15000 80 84 4 3 87 114 115
2 6 7 40000 27429 83 88 0 3 105 110 112