2000
20000
0.5
0.02
0.1
250000
0.005
120
0
1 1 10000 1 1 50 0
4 7 8 9 10 20000 14000 10889 5600 1 7 43 0
3 5 6 7 30000 20000 12857 1 5 0 0
1 6 40000 1 6 26 0
6 10 11 12 13 14 15 10000 7273 5000 3077 1429 667 6 15 0 1 2
4 1 2 3 4 20000 8000 4000 2500 7 7 35 1 3
5 2 3 4 5 6 30000 18000 9000 4800 3000 16 17 0 1 4
6 9 10 11 12 13 14 40000 28800 22909 12000 8308 2571 8 16 35 1 5
3 4 5 6 10000 7200 4667 16 19 24 1 4
6 3 4 5 6 7 8 20000 13500 8400 5000 2571 750 18 20 0 1 6
2 2 3 30000 18000 17 18 35 1 7
4 9 10 11 12 40000 32400 19636 12000 20 28 24 1 8
6 1 2 3 4 5 6 10000 4000 2000 1250 600 167 18 18 33 1 6
5 1 2 3 4 5 20000 9000 4667 2000 800 16 16 35 1 4
6 4 5 6 7 8 9 30000 19200 14000 8571 4500 1333 6 9 31 1 2
2 2 3 40000 24000 2 3 56 1 0
2 3 4 10000 6750 8 10 43 1 1
2 6 7 20000 13714 21 26 0 1 9
5 2 3 4 5 6 30000 16000 10500 6000 3000 2 3 50 1 0
4 3 4 5 6 40000 24000 16800 10000 18 20 41 1 6
4 6 7 8 9 10000 6857 4500 2667 17 22 46 1 7
1 10 20000 27 36 0 1 17
3 1 2 3 30000 13500 7000 17 17 35 2 5 13
6 9 10 11 12 13 14 40000 28800 22909 12000 8308 2571 6 14 41 1 2
4 3 4 5 6 10000 6000 3600 2000 17 19 35 1 7
1 4 20000 21 24 41 1 19
6 2 3 4 5 6 7 30000 18000 10500 6000 2000 857 10 11 51 1 14
1 8 40000 7 14 26 1 3
4 4 5 6 7 10000 7200 4667 2286 20 23 34 1 8
1 4 20000 20 23 35 1 24
4 2 3 4 5 30000 16000 9000 6000 19 20 33 1 12
1 3 40000 21 23 29 1 9
5 4 5 6 7 8 10000 7200 4667 2857 1500 37 40 0 1 21
2 7 8 20000 15750 24 30 34 1 28
1 8 30000 29 36 24 3 11 17 22
4 3 4 5 6 40000 24000 16800 8000 24 26 29 2 1 31
5 1 2 3 4 5 10000 4000 2333 1000 400 8 8 66 1 5
4 2 3 4 5 20000 12000 7000 4000 4 5 56 1 15
3 10 11 12 30000 21818 17500 37 46 59 2 34 36
1 1 40000 27 27 29 3 17 23 35
2 4 5 10000 7200 20 23 37 1 8
3 10 11 12 20000 16364 11667 19 28 35 2 10 18
5 1 2 3 4 5 30000 12000 6000 3750 1200 19 19 43 1 12
4 6 7 8 9 40000 27429 18000 10667 41 46 0 3 14 27 32
4 2 3 4 5 10000 6000 3000 1600 24 25 35 1 29
5 1 2 3 4 5 20000 9000 4000 2500 1200 21 21 83 1 30
5 9 10 11 12 13 30000 21600 14727 11250 6231 28 36 68 3 15 18 39
1 3 40000 23 25 46 2 3 20
3 5 6 7 10000 7500 4286 10 14 48 1 14
6 5 6 7 8 9 10 20000 13333 8571 5000 2222 1000 41 45 31 3 32 40 47
6 3 4 5 6 7 8 30000 20250 12600 6000 3857 1125 47 49 59 3 21 36 38
6 2 3 4 5 6 7 40000 21333 14000 8000 4000 1143 37 38 26 3 21 42 48
6 7 8 9 10 11 12 10000 7875 5444 3500 1909 583 19 25 37 1 10
6 10 11 12 13 14 15 20000 16364 10000 6154 2857 1333 47 56 19 3 18 25 43
2 10 11 30000 24545 28 37 29 1 39
6 7 8 9 10 11 12 40000 31500 18667 14000 7636 2333 47 53 0 1 43
4 6 7 8 9 10000 6857 5250 3333 39 44 31 1 51
4 7 8 9 10 20000 14000 10889 7000 29 35 25 2 11 30
4 10 11 12 13 30000 21818 15000 9231 41 50 35 3 9 32 54
3 9 10 11 40000 32400 22909 36 44 25 2 40 57
2 7 8 10000 7875 19 25 35 1 10
2 7 8 20000 15750 29 35 41 1 41
1 1 30000 54 54 11 2 13 55
2 2 3 40000 21333 26 27 37 3 26 40 52
1 4 10000 37 40 24 3 34 44 60
4 3 4 5 6 20000 12000 8400 5000 37 39 27 3 23 34 41
2 10 11 30000 21818 6 15 56 1 37
2 10 11 40000 29091 24 33 42 1 29
6 3 4 5 6 7 8 10000 6000 4200 2500 1286 375 26 28 43 3 20 29 60
3 10 11 12 20000 16364 10000 55 64 11 2 24 62
2 7 8 30000 23625 34 40 42 3 35 48 67
1 9 40000 41 49 24 3 37 63 64
4 5 6 7 8 10000 7500 4286 2500 39 43 26 3 33 41 51
3 10 11 12 20000 14545 10000 27 36 35 1 35
6 9 10 11 12 13 14 30000 24300 17182 11250 4154 1929 45 53 30 3 20 36 59
2 9 10 40000 28800 45 53 25 3 59 60 72
2 1 2 10000 4500 65 65 21 3 37 44 69
3 7 8 9 20000 15750 10889 54 60 0 3 0 16 55
5 9 10 11 12 13 30000 24300 17182 9000 4154 29 37 43 3 47 66 68
3 2 3 4 40000 21333 14000 61 62 13 3 13 71 77
4 7 8 9 10 10000 7875 5444 3500 21 27 61 2 12 19
6 10 11 12 13 14 15 20000 14545 10000 6154 2857 1333 40 49 27 3 25 54 65
2 9 10 30000 24300 57 65 19 3 53 56 59
2 9 10 40000 32400 61 69 0 3 15 39 77
6 3 4 5 6 7 8 10000 6750 4200 2500 1286 375 54 56 30 3 27 52 74
3 5 6 7 20000 15000 10000 63 67 37 3 1 78 79
5 2 3 4 5 6 30000 16000 10500 6000 2000 55 56 40 3 11 31 62
1 2 40000 50 51 27 3 49 61 81
6 4 5 6 7 8 9 10000 7200 4667 2857 1500 444 66 69 25 3 53 67 76
4 2 3 4 5 20000 12000 7000 4000 70 71 13 3 68 70 83
1 10 30000 65 74 11 3 69 71 79
2 5 6 40000 26667 57 61 30 3 16 67 84
1 2 10000 66 67 21 3 31 76 78
2 7 8 20000 15750 52 58 30 3 66 71 87
3 10 11 12 30000 24545 17500 70 79 0 3 16 65 83
6 4 5 6 7 8 9 40000 25600 16000 9143 4000 1778 59 62 47 3 61 81 93
2 10 11 10000 7273 80 89 1 3 42 78 94
2 8 9 20000 14222 37 44 35 3 33 68 73
6 5 6 7 8 9 10 30000 20000 12857 7500 5000 1500 68 72 22 3 65 72 92
3 6 7 8 40000 30857 21000 54 59 25 3 61 75 87
5 9 10 11 12 13 10000 8100 5727 3000 2077 68 76 21 3 80 92 93
2 10 11 20000 14545 41 50 47 3 64 66 73
4 6 7 8 9 30000 20571 15750 10000 80 85 0 3 47 94 97
3 5 6 7 40000 30000 17143 44 48 61 3 45 46 72
2 6 7 10000 7714 72 77 13 3 82 89 99
3 7 8 9 20000 14000 9333 86 92 17 3 84 92 102
5 7 8 9 10 11 30000 21000 16333 8400 5727 63 69 34 3 43 79 86
1 4 40000 68 71 37 3 82 84 85
2 9 10 10000 7200 73 81 22 3 54 88 98
5 6 7 8 9 10 20000 15429 9000 6667 2400 86 91 0 3 58 90 102
1 1 30000 90 90 1 3 48 96 104
2 4 5 40000 25600 82 85 22 3 53 106 108
5 7 8 9 10 11 10000 7000 5444 2800 1273 93 99 17 3 95 103 105
5 8 9 10 11 12 20000 16000 11200 7273 4000 86 93 23 3 50 102 107
5 6 7 8 9 10 30000 23143 13500 10000 3600 92 97 0 3 91 109 110
4 3 4 5 6 40000 27000 14400 10000 59 61 46 3 56 93 97
6 10 11 12 13 14 15 10000 8182 5833 3846 1429 667 98 107 0 3 100 101 114
5 9 10 11 12 13 20000 14400 9818 6000 4154 86 94 22 3 70 106 111
6 10 11 12 13 14 15 30000 21818 15000 9231 6429 2000 98 107 9 3 19 70 114
5 9 10 11 12 13 40000 32400 22909 12000 8308 108 116 0 3 96 115 116