2000
20000
0.5
0.02
0.1
250000
0.005
120
0
1 4 10000 1 4 1 0
6 7 8 9 10 11 12 20000 15750 9333 7000 2545 1167 1 7 0 0
1 5 30000 1 5 12 0
3 9 10 11 40000 28800 19636 1 9 31 0
6 6 7 8 9 10 11 10000 6857 5250 3333 1800 545 5 10 18 1 0
1 9 20000 5 13 1 1 0
1 9 30000 5 13 1 1 0
2 6 7 40000 30857 14 19 1 1 5
3 7 8 9 10000 7875 5444 11 17 18 1 4
4 4 5 6 7 20000 14400 8000 5714 8 11 0 1 1
5 3 4 5 6 7 30000 18000 12600 6000 2571 8 10 13 1 1
6 8 9 10 11 12 13 40000 28444 22400 14545 5333 2462 12 19 0 1 9
6 5 6 7 8 9 10 10000 6667 5000 2500 1667 500 6 10 12 1 2
3 6 7 8 20000 15429 10500 14 19 1 1 6
2 10 11 30000 21818 11 20 12 1 12
5 1 2 3 4 5 40000 16000 8000 5000 1600 20 20 4 1 11
2 2 3 10000 6000 14 15 30 1 5
3 5 6 7 20000 13333 10000 14 18 35 1 6
3 4 5 6 30000 21600 14000 20 23 1 2 7 13
2 2 3 40000 24000 8 9 37 1 1
1 9 10000 11 19 13 1 10
3 6 7 8 20000 13714 9000 6 11 32 1 2
2 1 2 30000 13500 20 20 14 1 11
6 8 9 10 11 12 13 40000 28444 22400 14545 5333 2462 21 28 12 2 14 20
6 7 8 9 10 11 12 10000 7000 4667 3500 1273 583 20 26 23 1 7
6 5 6 7 8 9 10 20000 13333 8571 5000 3333 1000 20 24 0 1 11
4 7 8 9 10 30000 21000 14000 8400 12 18 32 1 9
6 7 8 9 10 11 12 40000 31500 18667 11200 7636 2333 10 16 56 1 19
3 1 2 3 10000 4000 2333 6 6 50 1 2
1 4 20000 12 15 7 1 9
4 2 3 4 5 30000 18000 9000 6000 21 22 33 2 17 22
3 2 3 4 40000 24000 14000 16 17 7 1 29
2 3 4 10000 6000 19 21 43 1 17
4 5 6 7 8 20000 13333 10000 6250 27 31 23 1 24
6 1 2 3 4 5 6 30000 12000 6000 3000 1800 500 21 21 14 1 22
5 4 5 6 7 8 40000 28800 18667 11429 6000 14 17 28 1 5
4 3 4 5 6 10000 6000 4200 2500 12 14 32 1 21
5 10 11 12 13 14 20000 14545 11667 7692 4286 24 33 1 3 15 18 31
1 5 30000 21 25 20 1 15
4 2 3 4 5 40000 21333 12000 8000 32 33 24 2 30 33
4 4 5 6 7 10000 6400 4000 2857 15 18 32 3 3 19 36
4 6 7 8 9 20000 13714 10500 6667 34 39 1 2 12 37
2 3 4 30000 20250 21 23 29 1 14
2 4 5 40000 25600 20 23 36 1 13
4 8 9 10 11 10000 7111 5600 3636 25 32 0 1 25
1 4 20000 40 43 32 3 8 16 41
1 2 30000 33 34 0 1 44
4 5 6 7 8 40000 26667 20000 10000 24 28 29 1 42
5 3 4 5 6 7 10000 6000 3600 2500 857 40 42 11 3 34 40 41
5 2 3 4 5 6 20000 10667 7000 3200 2000 20 21 52 2 20 21
3 6 7 8 30000 23143 15750 24 29 36 2 29 43
5 3 4 5 6 7 40000 24000 14400 8000 5143 26 28 20 3 16 35 38
1 5 10000 22 26 14 3 8 31 34
2 1 2 20000 9000 22 22 43 1 32
1 8 30000 27 34 14 3 31 34 52
1 8 40000 35 42 0 2 14 46
2 8 9 10000 8000 20 27 23 1 13
1 8 20000 35 42 22 3 17 28 46
2 6 7 30000 23143 29 34 37 2 24 51
5 5 6 7 8 9 40000 26667 20000 12500 4444 35 39 14 3 44 51 54
1 3 10000 32 34 23 1 33
6 3 4 5 6 7 8 20000 13500 7200 5000 1714 750 43 45 11 3 12 48 59
5 6 7 8 9 10 30000 23143 15750 10000 5400 28 33 52 2 26 56
1 10 40000 40 49 1 3 3 23 41
1 5 10000 35 39 37 2 15 58
1 8 20000 46 53 11 3 3 38 61
2 3 4 30000 20250 11 13 42 1 4
6 3 4 5 6 7 8 40000 27000 14400 8000 5143 1500 30 32 36 3 42 50 53
6 7 8 9 10 11 12 10000 7000 4667 2800 1273 583 35 41 23 1 60
2 4 5 20000 12800 54 57 11 3 42 59 65
3 4 5 6 30000 19200 12000 43 46 29 1 57
4 2 3 4 5 40000 21333 14000 8000 46 47 27 3 27 43 61
3 1 2 3 10000 4000 2333 43 43 12 1 55
4 4 5 6 7 20000 12800 9333 4571 43 46 43 3 19 48 62
5 8 9 10 11 12 30000 24000 14400 8727 4000 34 41 24 3 23 39 40
5 7 8 9 10 11 40000 28000 21778 11200 5091 19 25 32 2 6 26
6 9 10 11 12 13 14 10000 8100 5727 3000 1385 643 54 62 14 3 18 63 65
5 4 5 6 7 8 20000 12800 9333 4571 3000 44 47 12 3 25 66 72
1 1 30000 48 48 27 3 44 67 71
4 7 8 9 10 40000 28000 21778 11200 50 56 1 3 36 56 63
3 8 9 10 10000 7111 5600 43 50 0 1 55
6 1 2 3 4 5 6 20000 8000 4000 2500 800 333 54 54 25 3 43 65 67
5 9 10 11 12 13 30000 24300 17182 11250 6231 51 59 0 3 10 24 80
6 9 10 11 12 13 14 40000 32400 22909 15000 8308 2571 57 65 7 3 25 26 79
3 2 3 4 10000 5333 3000 48 49 12 3 40 56 77
2 5 6 20000 15000 51 55 14 3 8 35 80
3 2 3 4 30000 18000 9000 58 59 11 3 54 67 69
2 2 3 40000 24000 50 51 12 3 39 72 84
2 5 6 10000 7500 43 47 22 3 57 66 68
5 6 7 8 9 10 20000 13714 9000 6667 2400 60 65 11 3 37 75 86
2 4 5 30000 21600 60 63 0 3 4 60 82
2 2 3 40000 21333 44 45 32 3 7 45 68
5 6 7 8 9 10 10000 6857 5250 2667 1200 64 69 8 3 29 74 90
4 1 2 3 4 20000 9000 4000 2000 66 66 7 3 61 83 85
2 9 10 30000 21600 56 64 14 3 68 74 85
5 2 3 4 5 6 40000 21333 14000 8000 4000 67 68 10 3 58 64 93
3 10 11 12 10000 7273 5833 57 66 1 3 47 75 79
2 10 11 20000 16364 57 66 9 3 21 74 79
2 5 6 30000 20000 67 71 7 3 49 83 93
1 8 40000 66 73 11 3 51 76 89
2 9 10 10000 7200 65 73 14 3 63 82 94
3 4 5 6 20000 12800 9333 64 67 0 3 10 87 90
6 9 10 11 12 13 14 30000 24300 14727 9000 6231 1929 58 66 21 3 55 69 84
1 6 40000 48 53 22 3 28 52 88
2 4 5 10000 7200 67 70 9 3 22 70 96
2 1 2 20000 9000 70 70 8 3 38 91 92
5 8 9 10 11 12 30000 21333 14400 8727 6000 68 75 0 3 16 96 101
4 4 5 6 7 40000 25600 18667 11429 54 57 22 3 54 60 103
4 6 7 8 9 10000 6857 4500 3333 71 76 9 3 53 81 104
1 1 20000 69 69 10 3 23 95 97
4 2 3 4 5 30000 16000 9000 6000 72 73 7 3 46 98 105
1 4 40000 76 79 0 3 78 97 106
1 6 10000 67 72 13 3 94 97 107
6 7 8 9 10 11 12 20000 15750 10889 5600 2545 1167 74 80 10 3 30 80 110
5 3 4 5 6 7 30000 18000 10800 6000 2571 74 76 14 3 85 100 102
1 10 40000 80 89 0 3 18 109 111
4 5 6 7 8 10000 7500 5000 3125 74 78 11 3 87 99 101
5 5 6 7 8 9 20000 15000 10000 5000 3333 77 81 9 3 32 108 112
1 10 30000 74 83 7 3 35 107 110
5 1 2 3 4 5 40000 16000 9333 4000 2400 90 90 0 3 73 115 116