2000
20000
0.5
0.02
0.1
250000
0.005
120
0
1 1 10000 1 1 20 0
6 4 5 6 7 8 9 20000 14400 8000 5714 3000 889 1 4 49 0
3 8 9 10 30000 24000 16800 1 8 24 0
6 8 9 10 11 12 13 40000 28444 22400 11636 8000 2462 1 8 0 0
1 9 10000 2 10 20 1 0
3 1 2 3 20000 8000 4667 9 9 0 1 3
3 8 9 10 30000 24000 16800 9 16 11 1 3
4 1 2 3 4 40000 18000 9333 5000 9 9 24 1 2
4 6 7 8 9 10000 6857 4500 2667 17 22 11 2 5 6
6 3 4 5 6 7 8 20000 12000 7200 5000 1714 750 10 12 35 1 5
4 9 10 11 12 30000 21600 17182 9000 2 10 36 1 0
4 5 6 7 8 40000 26667 17143 12500 11 15 20 1 4
6 7 8 9 10 11 12 10000 7000 4667 3500 1273 583 10 16 0 1 5
1 3 20000 9 11 69 1 3
1 7 30000 11 17 41 1 4
3 9 10 11 40000 28800 22909 17 25 24 2 6 12
5 4 5 6 7 8 10000 7200 4667 2286 1500 17 20 0 1 12
1 1 20000 17 17 13 1 12
3 10 11 12 30000 24545 17500 10 19 28 1 7
1 7 40000 2 8 47 1 0
6 3 4 5 6 7 8 10000 6750 4200 2500 1286 375 9 11 44 1 2
4 5 6 7 8 20000 13333 8571 5000 9 13 28 1 2
1 2 30000 11 12 26 1 4
4 2 3 4 5 40000 21333 14000 8000 16 17 107 2 9 11
5 2 3 4 5 6 10000 6000 3500 1600 1000 13 14 26 1 22
3 9 10 11 20000 16200 11455 12 20 69 1 13
1 8 30000 12 19 96 1 20
1 3 40000 26 28 24 1 15
5 1 2 3 4 5 10000 4000 2000 1000 600 15 15 43 1 24
1 3 20000 9 11 47 1 19
3 10 11 12 30000 21818 17500 21 30 0 1 16
4 8 9 10 11 40000 28444 19200 14545 23 30 11 2 7 8
3 1 2 3 10000 4500 2333 12 12 44 1 20
3 4 5 6 20000 12800 9333 14 17 40 1 21
3 2 3 4 30000 18000 10500 16 17 43 2 28 29
2 10 11 40000 29091 13 22 78 1 22
3 5 6 7 10000 6667 5000 13 17 35 1 9
1 9 20000 26 34 28 2 1 15
4 10 11 12 13 30000 21818 17500 11538 31 40 0 2 17 30
1 6 40000 16 21 20 1 11
5 9 10 11 12 13 10000 7200 5727 3750 1385 11 19 36 1 10
1 6 20000 22 27 20 2 21 39
5 1 2 3 4 5 30000 13500 7000 3750 1800 41 41 0 2 24 38
4 3 4 5 6 40000 24000 14400 10000 13 15 44 2 20 32
3 8 9 10 10000 7111 4800 42 49 0 2 31 42
2 10 11 20000 16364 20 29 36 2 17 40
3 8 9 10 30000 24000 16800 22 29 82 1 39
4 10 11 12 13 40000 29091 20000 12308 28 37 20 2 18 41
3 4 5 6 10000 7200 4667 42 45 48 1 42
6 6 7 8 9 10 11 20000 13714 9000 6667 2400 1091 29 34 24 2 27 36
1 10 30000 13 22 42 1 22
1 7 40000 38 44 20 3 17 33 47
6 9 10 11 12 13 14 10000 7200 4909 3000 2077 643 50 58 0 1 44
4 7 8 9 10 20000 15750 9333 5600 10 16 73 1 7
2 10 11 30000 21818 18 27 93 1 34
2 3 4 40000 27000 50 52 46 3 36 44 47
5 9 10 11 12 13 10000 7200 5727 3750 2077 29 37 27 3 9 18 27
2 2 3 20000 10667 18 19 58 2 11 33
1 10 30000 35 44 59 2 19 49
1 2 40000 35 36 28 1 37
1 4 10000 18 21 43 3 28 32 34
6 8 9 10 11 12 13 20000 16000 11200 5818 2667 1231 20 27 58 2 6 57
3 6 7 8 30000 20571 15750 18 23 41 1 14
6 1 2 3 4 5 6 40000 18000 8000 4000 2400 667 59 59 0 3 10 49 52
5 10 11 12 13 14 10000 8182 5833 3846 2143 12 21 73 1 29
3 3 4 5 20000 13500 7200 37 39 48 3 37 57 59
2 1 2 30000 12000 45 45 20 3 51 56 59
6 3 4 5 6 7 8 40000 27000 14400 8000 5143 1500 23 25 78 2 14 35
2 10 11 10000 7273 60 69 0 2 43 63
3 1 2 3 20000 8000 4000 24 24 84 3 35 39 62
5 5 6 7 8 9 30000 20000 12857 7500 3333 37 41 40 2 50 59
4 7 8 9 10 40000 28000 21778 14000 38 44 69 3 40 47 61
5 1 2 3 4 5 10000 4000 2333 1000 400 60 60 26 3 40 61 63
6 8 9 10 11 12 13 20000 14222 11200 7273 4000 1231 45 52 45 3 15 45 51
5 4 5 6 7 8 30000 19200 14000 6857 4500 46 49 20 3 29 45 66
2 4 5 40000 25600 21 24 69 3 21 25 53
1 9 10000 40 48 53 3 30 49 65
1 5 20000 24 28 41 3 50 60 62
3 1 2 3 30000 12000 7000 35 35 71 1 37
5 1 2 3 4 5 40000 16000 8000 5000 1600 45 45 59 3 58 67 77
2 8 9 10000 8000 24 31 71 3 53 62 64
3 5 6 7 20000 15000 8571 70 74 0 3 68 74 77
5 1 2 3 4 5 30000 13500 7000 3000 1200 50 50 40 3 1 61 74
6 5 6 7 8 9 10 40000 30000 20000 12500 4444 2000 75 79 34 3 13 64 81
5 4 5 6 7 8 10000 6400 4000 2857 1000 46 49 48 3 38 48 75
1 7 20000 75 81 0 3 30 41 81
6 9 10 11 12 13 14 30000 21600 17182 11250 6231 1929 70 78 12 3 66 68 70
5 8 9 10 11 12 40000 28444 22400 11636 5333 53 60 46 3 51 55 84
3 1 2 3 10000 4500 2333 61 61 26 3 41 57 72
6 7 8 9 10 11 12 20000 14000 9333 5600 2545 1167 79 85 12 3 45 82 86
4 6 7 8 9 30000 20571 15750 8000 82 87 0 3 24 50 85
3 10 11 12 40000 29091 20000 53 62 63 3 26 73 79
6 5 6 7 8 9 10 10000 7500 4286 3125 1111 500 30 34 91 3 10 46 67
5 7 8 9 10 11 20000 15750 9333 7000 3818 88 94 0 3 65 88 90
2 5 6 30000 22500 61 65 46 3 60 74 87
2 2 3 40000 24000 95 96 16 3 28 85 93
2 1 2 10000 4000 61 61 41 3 27 72 76
6 8 9 10 11 12 13 20000 16000 9600 7273 4000 1231 46 53 59 3 18 75 79
3 4 5 6 30000 21600 12000 46 49 61 3 19 48 78
5 5 6 7 8 9 40000 26667 20000 10000 4444 26 30 83 3 13 67 69
5 3 4 5 6 7 10000 6750 4200 2500 857 95 97 0 3 16 88 93
6 9 10 11 12 13 14 20000 14400 9818 7500 2769 1286 70 78 26 3 68 72 82
3 9 10 11 30000 21600 14727 98 106 0 3 73 84 100
1 2 40000 62 63 41 3 36 80 96
4 6 7 8 9 10000 7714 4500 3333 45 50 69 3 58 71 80
5 9 10 11 12 13 20000 16200 9818 6000 2769 86 94 12 3 31 63 89
1 2 30000 97 98 28 3 23 34 95
4 5 6 7 8 40000 26667 17143 10000 107 111 0 3 43 102 105
3 6 7 8 10000 6857 5250 79 84 26 3 60 101 103
4 8 9 10 11 20000 16000 11200 5818 97 104 16 3 35 95 97
3 5 6 7 30000 20000 15000 54 58 67 3 14 54 97
5 8 9 10 11 12 40000 28444 22400 11636 5333 112 119 0 3 46 94 107
2 10 11 10000 8182 85 94 26 3 73 98 108
5 2 3 4 5 6 20000 10667 6000 4000 1333 120 121 7 3 71 106 111
1 3 30000 63 65 63 3 91 92 110
2 8 9 40000 28444 98 105 20 3 31 75 100
5 6 7 8 9 10 10000 7714 5250 3333 1200 80 85 34 3 42 83 99
2 3 4 20000 13500 106 108 20 3 70 108 115
4 8 9 10 11 30000 24000 16800 10909 105 112 16 3 38 109 112
5 9 10 11 12 13 40000 32400 22909 15000 8308 120 128 0 3 104 111 116