2000
20000
0.5
0.02
0.1
250000
0.005
120
0
1 2 10000 1 2 0 0
4 8 9 10 11 20000 14222 9600 7273 1 8 5 0
2 5 6 30000 22500 1 5 19 0
3 10 11 12 40000 29091 20000 1 10 14 0
6 8 9 10 11 12 13 10000 7111 4800 3636 2000 615 3 10 0 1 0
2 6 7 20000 13714 3 8 16 1 0
6 7 8 9 10 11 12 30000 23625 16333 8400 3818 1750 9 15 5 1 1
5 4 5 6 7 8 40000 25600 18667 11429 4000 11 14 74 1 3
1 9 10000 11 19 0 1 4
4 7 8 9 10 20000 15750 10889 5600 3 9 8 1 0
4 2 3 4 5 30000 16000 9000 6000 16 17 7 1 6
3 10 11 12 40000 29091 20000 10 19 31 1 9
1 8 10000 18 25 7 1 10
4 3 4 5 6 20000 12000 7200 5000 9 11 16 1 5
5 8 9 10 11 12 30000 24000 14400 8727 4000 18 25 11 1 10
2 5 6 40000 30000 16 20 5 1 6
5 8 9 10 11 12 10000 8000 5600 2909 2000 10 17 8 1 9
3 10 11 12 20000 16364 10000 21 30 5 1 15
3 8 9 10 30000 21333 16800 9 16 17 1 5
1 8 40000 18 25 27 1 16
3 6 7 8 10000 7714 4500 9 14 30 1 5
1 1 20000 17 17 17 1 18
3 5 6 7 30000 20000 12857 10 14 15 2 2 9
2 3 4 40000 27000 17 19 43 1 18
3 2 3 4 10000 5333 3000 26 27 14 1 14
3 7 8 9 20000 15750 10889 18 24 8 1 16
1 2 30000 15 16 25 1 22
4 8 9 10 11 40000 32000 22400 14545 20 27 0 1 8
5 2 3 4 5 6 10000 6000 3000 1600 667 11 12 14 1 3
1 3 20000 26 28 7 2 12 25
3 4 5 6 30000 19200 12000 18 21 17 1 21
4 2 3 4 5 40000 21333 12000 6400 18 19 31 1 10
5 10 11 12 13 14 10000 8182 5833 3846 2143 13 22 14 1 28
6 4 5 6 7 8 9 20000 14400 8000 5714 3000 889 20 23 31 2 2 11
1 2 30000 26 27 36 1 14
3 5 6 7 40000 26667 17143 20 24 26 2 8 20
3 2 3 4 10000 6000 3000 31 32 5 1 17
6 1 2 3 4 5 6 20000 9000 4667 2500 1200 333 17 17 25 2 6 26
3 7 8 9 30000 23625 16333 29 35 7 2 25 29
1 5 40000 24 28 34 3 15 21 33
3 8 9 10 10000 7111 5600 15 22 15 1 22
5 6 7 8 9 10 20000 15429 10500 5333 2400 26 31 11 2 14 32
6 2 3 4 5 6 7 30000 16000 9000 4800 2000 857 26 27 42 2 11 12
6 7 8 9 10 11 12 40000 28000 21778 14000 5091 2333 28 34 0 2 13 27
5 1 2 3 4 5 10000 4500 2333 1000 400 28 28 36 1 34
1 5 20000 31 35 19 1 17
5 9 10 11 12 13 30000 24300 14727 11250 6231 23 31 27 1 32
4 2 3 4 5 40000 21333 12000 6400 25 26 26 2 31 35
6 9 10 11 12 13 14 10000 7200 4909 3750 2077 643 29 37 42 2 22 44
1 2 20000 20 21 61 1 11
4 7 8 9 10 30000 23625 16333 8400 35 41 0 1 43
3 3 4 5 40000 24000 16800 36 38 31 2 43 45
4 7 8 9 10 10000 7875 4667 2800 33 39 5 2 36 40
2 10 11 20000 16364 22 31 54 1 30
4 2 3 4 5 30000 18000 10500 6000 18 19 25 1 37
3 10 11 12 40000 32727 23333 29 38 12 2 29 30
5 2 3 4 5 6 10000 5333 3000 2000 1000 35 36 27 2 43 47
6 3 4 5 6 7 8 20000 12000 7200 5000 2571 750 28 30 11 3 25 27 30
2 9 10 30000 24300 37 45 27 2 1 56
2 3 4 40000 27000 39 41 31 3 16 42 51
2 10 11 10000 8182 32 41 52 3 19 20 46
2 3 4 20000 12000 29 31 34 3 23 29 39
4 7 8 9 10 30000 21000 14000 10500 26 32 17 2 12 18
2 7 8 40000 28000 32 38 34 2 27 61
4 4 5 6 7 10000 6400 4667 2857 38 41 42 3 24 35 48
6 9 10 11 12 13 14 20000 14400 11455 7500 2769 1286 13 21 80 1 28
5 10 11 12 13 14 30000 21818 17500 11538 6429 40 49 5 3 20 52 54
4 2 3 4 5 40000 21333 14000 8000 39 40 12 3 21 55 62
6 7 8 9 10 11 12 10000 7875 5444 2800 1273 583 37 43 29 1 56
1 9 20000 42 50 0 3 24 50 57
5 6 7 8 9 10 30000 23143 13500 8000 5400 39 44 60 1 51
3 1 2 3 40000 18000 9333 46 46 27 3 58 59 68
6 2 3 4 5 6 7 10000 6000 3000 1600 1000 286 44 45 53 3 39 48 68
1 4 20000 41 44 20 3 13 36 67
4 10 11 12 13 30000 21818 17500 9231 42 51 1 3 38 41 50
4 5 6 7 8 40000 26667 17143 12500 42 46 8 3 17 50 62
2 6 7 10000 6857 33 38 50 3 28 49 62
3 10 11 12 20000 16364 10000 50 59 5 3 41 45 66
5 6 7 8 9 10 30000 23143 13500 8000 3600 41 46 12 3 19 35 67
1 5 40000 41 45 51 3 13 38 67
6 10 11 12 13 14 15 10000 7273 5000 3846 1429 667 47 56 18 3 44 73 78
1 5 20000 42 46 42 3 26 34 64
4 6 7 8 9 30000 23143 15750 8000 52 57 1 3 47 54 74
3 6 7 8 40000 27429 21000 42 47 52 3 48 60 64
4 8 9 10 11 10000 8000 5600 2909 57 64 18 3 32 37 80
4 5 6 7 8 20000 15000 8571 6250 40 44 53 3 2 39 52
3 4 5 6 30000 19200 12000 51 54 0 3 1 52 69
4 3 4 5 6 40000 27000 14400 8000 58 60 28 3 31 53 82
6 6 7 8 9 10 11 10000 7714 5250 3333 1200 545 36 41 67 3 40 45 49
3 6 7 8 20000 13714 9000 65 70 18 3 56 82 84
2 4 5 30000 21600 50 53 38 3 59 63 66
4 6 7 8 9 40000 30857 18000 13333 58 63 1 3 46 78 82
2 10 11 10000 7273 65 74 34 3 34 59 84
5 1 2 3 4 5 20000 9000 4000 2500 800 71 71 18 3 7 76 89
4 3 4 5 6 30000 20250 10800 6000 71 73 19 3 4 74 89
2 10 11 40000 32727 55 64 0 3 33 75 86
1 5 10000 32 36 52 3 24 40 61
6 9 10 11 12 13 14 20000 16200 11455 6000 2769 1286 65 73 0 3 77 91 95
2 6 7 30000 23143 11 16 51 1 3
6 8 9 10 11 12 13 40000 32000 22400 14545 8000 2462 72 79 18 3 54 57 93
4 4 5 6 7 10000 6400 4000 2857 61 64 28 3 81 87 96
3 5 6 7 20000 15000 10000 64 68 4 3 36 91 98
3 5 6 7 30000 20000 15000 51 55 46 3 69 71 79
2 8 9 40000 32000 80 87 18 3 85 97 99
3 1 2 3 10000 4000 2333 69 69 4 3 63 74 101
4 7 8 9 10 20000 15750 10889 5600 42 48 51 3 4 37 64
6 9 10 11 12 13 14 30000 24300 17182 9000 4154 1929 74 82 0 3 71 97 104
6 1 2 3 4 5 6 40000 18000 9333 5000 1600 667 47 47 52 3 7 72 78
4 9 10 11 12 10000 7200 5727 3750 74 82 19 3 94 95 100
6 5 6 7 8 9 10 20000 13333 8571 5000 2222 1000 57 61 38 3 44 46 80
1 6 30000 83 88 19 3 61 65 108
2 1 2 40000 18000 56 56 46 3 23 33 102
5 9 10 11 12 13 10000 7200 4909 3000 2077 83 91 0 3 42 80 106
5 2 3 4 5 6 20000 12000 6000 3200 2000 88 89 18 3 77 103 108
3 3 4 5 30000 20250 12600 70 72 30 3 83 104 109
6 8 9 10 11 12 13 40000 32000 19200 11636 5333 2462 92 99 0 3 49 90 112
1 2 10000 73 74 30 3 65 111 114
4 1 2 3 4 20000 9000 4667 2500 90 90 18 3 110 113 114
2 9 10 30000 24300 100 108 0 3 105 107 115
1 4 40000 75 78 30 3 66 70 116