2000
20000
0.5
0.02
0.1
250000
0.005
120
0
1 3 10000 1 3 0 0
2 4 5 20000 12800 1 4 14 0
3 9 10 11 30000 21600 14727 1 9 6 0
3 2 3 4 40000 24000 14000 1 2 29 0
4 4 5 6 7 10000 6400 4000 2857 10 13 6 1 2
5 7 8 9 10 11 20000 14000 9333 7000 2545 4 10 0 1 0
1 2 30000 4 5 10 1 0
6 4 5 6 7 8 9 40000 25600 16000 9143 4000 1778 5 8 42 1 1
4 8 9 10 11 10000 7111 4800 3636 4 11 29 1 0
2 5 6 20000 15000 10 14 15 1 2
3 7 8 9 30000 23625 14000 6 12 10 1 6
2 4 5 40000 28800 12 15 55 1 8
1 8 10000 11 18 13 1 5
2 9 10 20000 16200 11 19 0 1 5
1 5 30000 13 17 10 1 10
3 8 9 10 40000 28444 22400 19 26 13 1 12
3 6 7 8 10000 6857 4500 11 16 3 1 5
2 8 9 20000 14222 15 22 15 1 9
6 2 3 4 5 6 7 30000 18000 10500 4800 2000 857 5 6 14 1 1
3 10 11 12 40000 32727 23333 14 23 6 1 4
3 7 8 9 10000 7875 4667 10 16 22 1 2
2 9 10 20000 14400 20 28 0 2 13 16
6 9 10 11 12 13 14 30000 24300 14727 9000 6231 1929 7 15 35 1 18
1 5 40000 29 33 7 2 19 21
2 4 5 10000 6400 5 8 25 1 1
2 4 5 20000 12800 18 21 25 1 14
5 1 2 3 4 5 30000 12000 7000 3000 1800 17 17 26 2 8 16
3 10 11 12 40000 32727 23333 18 27 10 1 14
6 10 11 12 13 14 15 10000 7273 5000 3846 1429 667 29 38 0 1 21
4 2 3 4 5 20000 12000 7000 3200 24 25 6 2 10 19
2 2 3 30000 16000 9 10 25 1 24
6 7 8 9 10 11 12 40000 31500 21778 14000 5091 2333 7 13 14 1 18
4 4 5 6 7 10000 7200 4667 2857 26 29 6 2 3 29
5 3 4 5 6 7 20000 13500 8400 4000 1714 29 31 34 1 21
4 6 7 8 9 30000 23143 15750 10000 30 35 6 2 30 32
2 3 4 40000 27000 34 36 31 2 22 23
2 5 6 10000 6667 28 32 36 1 27
1 4 20000 27 30 13 2 15 30
5 3 4 5 6 7 30000 18000 10800 7500 3857 19 21 34 1 12
4 6 7 8 9 40000 30857 18000 13333 14 19 14 1 31
6 9 10 11 12 13 14 10000 8100 5727 3000 1385 643 14 22 24 1 4
2 8 9 20000 14222 39 46 0 2 20 28
5 3 4 5 6 7 30000 20250 10800 6000 3857 28 30 10 2 17 27
5 1 2 3 4 5 40000 18000 8000 4000 2400 47 47 0 2 3 41
1 7 10000 34 40 7 2 23 24
3 6 7 8 20000 15429 9000 48 53 0 2 41 43
5 5 6 7 8 9 30000 22500 15000 7500 3333 20 24 40 1 13
6 2 3 4 5 6 7 40000 21333 12000 6400 2667 1143 16 17 60 1 22
5 4 5 6 7 8 10000 7200 4667 2286 1000 28 31 19 2 27 40
2 9 10 20000 16200 15 23 18 2 3 9
5 10 11 12 13 14 30000 24545 15000 9231 6429 31 40 10 2 8 42
5 9 10 11 12 13 40000 28800 22909 15000 8308 41 49 16 3 16 39 44
3 2 3 4 10000 5333 3500 54 55 15 3 36 42 45
1 7 20000 47 53 0 2 25 41
2 4 5 30000 19200 24 27 18 2 39 49
5 10 11 12 13 14 40000 29091 23333 12308 5714 24 33 10 2 19 39
4 3 4 5 6 10000 6000 4200 2500 31 33 13 1 37
3 2 3 4 20000 12000 7000 15 16 62 1 9
4 2 3 4 5 30000 18000 9000 6000 36 37 6 1 34
2 4 5 40000 28800 39 42 28 1 28
5 3 4 5 6 7 10000 6750 3600 2000 857 41 43 7 2 28 44
1 2 20000 38 39 6 3 26 55 58
6 9 10 11 12 13 14 30000 24300 17182 11250 6231 1929 50 58 26 3 38 51 58
3 4 5 6 40000 28800 18667 33 36 42 3 13 26 36
5 8 9 10 11 12 10000 7111 5600 3636 2000 14 21 24 1 31
2 9 10 20000 14400 22 30 34 1 25
1 10 30000 31 40 25 2 37 38
3 8 9 10 40000 32000 22400 54 61 0 3 20 53 55
1 1 10000 18 18 41 1 14
5 6 7 8 9 10 20000 15429 9000 5333 2400 44 49 7 3 22 56 60
2 9 10 30000 24300 62 70 0 3 26 29 67
1 6 40000 50 55 32 3 7 17 69
3 1 2 3 10000 4500 2000 44 44 27 3 49 59 60
6 6 7 8 9 10 11 20000 15429 9000 6667 3600 1091 41 46 10 3 7 48 50
2 1 2 30000 13500 40 40 6 3 54 61 64
4 5 6 7 8 40000 30000 20000 12500 62 66 3 3 46 65 67
4 4 5 6 7 10000 7200 4667 2857 56 59 15 3 52 64 74
6 3 4 5 6 7 8 20000 12000 7200 4000 1714 750 71 73 0 3 11 37 70
5 5 6 7 8 9 30000 22500 12857 7500 5000 67 71 3 3 48 53 75
6 10 11 12 13 14 15 40000 32727 20000 12308 5714 2667 41 50 6 3 56 64 74
4 5 6 7 8 10000 6667 4286 3125 74 78 0 3 59 72 77
6 2 3 4 5 6 7 20000 12000 7000 3200 2000 571 67 68 16 1 75
4 3 4 5 6 30000 18000 10800 6000 56 58 32 3 11 63 71
1 10 40000 37 46 41 3 35 36 49
3 6 7 8 10000 6857 5250 50 55 16 3 33 51 66
4 9 10 11 12 20000 14400 11455 6000 79 87 0 3 50 57 80
3 1 2 3 30000 12000 6000 23 23 36 3 6 17 30
1 3 40000 56 58 16 3 55 72 84
3 3 4 5 10000 6750 3600 51 53 6 3 69 73 79
3 4 5 6 20000 14400 9333 50 53 23 2 12 51
1 2 30000 79 80 4 3 54 76 80
5 4 5 6 7 8 40000 25600 18667 11429 6000 71 74 0 3 31 34 70
3 8 9 10 10000 8000 4800 54 61 13 3 50 73 88
3 6 7 8 20000 13714 9000 59 64 32 3 65 72 82
2 1 2 30000 13500 62 62 40 3 54 71 92
2 6 7 40000 30857 54 59 23 3 45 56 89
2 9 10 10000 8100 88 96 0 3 10 84 85
4 2 3 4 5 20000 12000 6000 3200 72 73 8 3 66 78 87
3 3 4 5 30000 18000 12600 81 83 4 3 81 88 90
3 3 4 5 40000 27000 16800 75 77 0 3 86 87 91
4 3 4 5 6 10000 6750 4200 2500 79 81 0 3 23 63 80
4 8 9 10 11 20000 14222 11200 5818 54 61 6 3 29 58 88
4 8 9 10 11 30000 21333 14400 8727 54 61 16 3 20 32 53
3 8 9 10 40000 32000 19200 47 54 13 3 68 73 86
2 10 11 10000 7273 75 84 0 3 7 65 91
6 10 11 12 13 14 15 20000 14545 10000 6154 2857 1333 54 63 0 3 18 25 45
1 6 30000 97 102 0 3 11 93 96
1 3 40000 85 87 0 3 48 62 104
3 8 9 10 10000 8000 4800 72 79 3 3 76 78 92
1 7 20000 62 68 6 3 35 101 103
3 1 2 3 30000 12000 7000 88 88 0 3 59 83 107
3 10 11 12 40000 32727 20000 78 87 0 3 47 99 102
4 8 9 10 11 10000 8000 4800 2909 75 82 0 3 77 91 109
4 6 7 8 9 20000 15429 9000 5333 80 85 3 3 46 97 108
5 7 8 9 10 11 30000 23625 16333 8400 3818 82 88 0 3 6 97 100
3 2 3 4 40000 24000 14000 103 104 0 3 90 94 106
2 1 2 10000 4000 83 83 0 3 66 95 112
1 8 20000 89 96 0 3 35 113 114
5 7 8 9 10 11 30000 21000 14000 10500 3818 105 111 0 3 40 87 115
2 6 7 40000 27429 88 93 0 3 98 101 111