2000
20000
0.5
0.02
0.1
250000
0.005
120
0
1 7 10000 1 7 17 0
4 2 3 4 5 20000 12000 7000 3200 1 2 0 0
1 10 30000 1 10 2 0
4 1 2 3 4 40000 16000 8000 5000 1 1 7 0
6 7 8 9 10 11 12 10000 7000 4667 3500 1273 583 11 17 2 1 2
1 8 20000 3 10 0 1 1
2 2 3 30000 18000 11 12 24 1 2
4 2 3 4 5 40000 24000 14000 8000 8 9 28 1 0
5 5 6 7 8 9 10000 6667 4286 3125 1667 11 15 15 1 2
3 1 2 3 20000 8000 4667 11 11 0 1 5
1 1 30000 13 13 26 1 6
5 3 4 5 6 7 40000 24000 14400 10000 5143 12 14 12 1 9
5 2 3 4 5 6 10000 6000 3500 2000 1000 2 3 7 1 3
1 9 20000 12 20 0 1 9
5 10 11 12 13 14 30000 24545 17500 11538 4286 4 13 7 1 12
4 1 2 3 4 40000 18000 8000 4000 16 16 15 1 8
2 9 10 10000 8100 18 26 2 1 4
2 4 5 20000 14400 8 11 17 1 0
2 5 6 30000 20000 14 18 26 1 10
1 5 40000 16 20 21 2 6 8
6 6 7 8 9 10 11 10000 6857 5250 2667 1800 545 11 16 9 1 5
2 7 8 20000 14000 2 8 40 1 3
3 2 3 4 30000 16000 10500 21 22 0 2 13 14
2 8 9 40000 28444 17 24 74 1 20
2 3 4 10000 6750 18 20 26 1 4
1 6 20000 4 9 46 1 12
3 4 5 6 30000 21600 14000 23 26 0 1 22
2 3 4 40000 24000 21 23 31 2 11 24
4 1 2 3 4 10000 4500 2333 1000 21 21 54 2 3 19
4 6 7 8 9 20000 15429 9000 6667 17 22 9 1 20
5 2 3 4 5 6 30000 16000 10500 4800 3000 15 16 12 2 11 12
6 2 3 4 5 6 7 40000 21333 14000 8000 2667 1143 27 28 18 1 26
5 2 3 4 5 6 10000 5333 3000 2000 1000 14 15 70 2 9 14
4 7 8 9 10 20000 14000 9333 7000 21 27 37 2 13 25
1 1 30000 23 23 9 2 15 29
1 10 40000 15 24 22 1 11
1 10 10000 8 17 60 1 0
6 4 5 6 7 8 9 20000 14400 9333 4571 3000 889 23 26 19 2 19 29
4 1 2 3 4 30000 13500 7000 3000 27 27 2 1 16
4 5 6 7 8 40000 30000 17143 10000 12 16 21 1 17
2 4 5 10000 6400 21 24 26 1 24
4 1 2 3 4 20000 9000 4000 2500 14 14 47 2 7 10
1 9 30000 27 35 11 2 16 39
6 6 7 8 9 10 11 40000 27429 21000 13333 4800 2182 27 32 26 1 37
5 1 2 3 4 5 10000 4000 2333 1250 400 19 19 26 1 18
4 6 7 8 9 20000 13714 10500 6667 9 14 65 1 21
6 7 8 9 10 11 12 30000 23625 16333 8400 3818 1750 27 33 0 1 26
2 1 2 40000 16000 17 17 12 2 17 30
3 4 5 6 10000 7200 4667 21 24 33 1 24
4 4 5 6 7 20000 12800 9333 4571 28 31 2 3 22 38 47
5 8 9 10 11 12 30000 24000 14400 8727 6000 14 21 24 2 7 14
6 3 4 5 6 7 8 40000 24000 16800 8000 3429 1500 9 11 40 1 21
2 9 10 10000 8100 36 44 40 2 8 42
5 6 7 8 9 10 20000 15429 9000 5333 3600 34 39 0 3 29 46 49
2 5 6 30000 22500 17 21 63 3 17 39 45
2 9 10 40000 28800 27 35 19 2 37 50
1 10 10000 34 43 33 3 1 13 46
3 7 8 9 20000 15750 9333 24 30 9 1 34
2 9 10 30000 21600 22 30 28 3 1 19 50
4 3 4 5 6 40000 27000 14400 10000 25 27 53 3 15 35 36
2 3 4 10000 6750 28 30 37 2 33 51
6 9 10 11 12 13 14 20000 16200 11455 7500 4154 1286 44 52 33 3 43 50 56
4 6 7 8 9 30000 20571 13500 10000 12 17 40 2 21 51
5 4 5 6 7 8 40000 28800 18667 9143 4000 18 21 40 1 4
5 6 7 8 9 10 10000 6857 4500 2667 1200 40 45 0 2 53 57
5 4 5 6 7 8 20000 12800 9333 5714 2000 19 22 59 2 18 47
6 7 8 9 10 11 12 30000 21000 16333 10500 3818 1750 22 28 40 3 20 62 63
1 2 40000 33 34 26 3 35 39 43
3 6 7 8 10000 7714 4500 13 18 32 1 6
3 7 8 9 20000 15750 10889 46 52 29 3 31 41 64
4 9 10 11 12 30000 24300 17182 11250 31 39 28 3 22 57 58
1 7 40000 25 31 50 1 48
5 9 10 11 12 13 10000 7200 4909 3000 1385 46 54 0 3 34 44 64
1 8 20000 27 34 24 3 26 40 68
1 5 30000 45 49 40 3 52 63 66
3 9 10 11 40000 32400 19636 27 35 45 1 37
4 1 2 3 4 10000 4500 2333 1000 53 53 33 3 44 46 61
3 7 8 9 20000 15750 9333 55 61 19 3 55 58 72
3 9 10 11 30000 24300 14727 36 44 11 3 31 35 42
1 6 40000 15 20 47 1 41
4 3 4 5 6 10000 6750 4200 2000 45 47 11 3 18 25 78
2 1 2 20000 8000 40 40 28 3 60 70 79
5 9 10 11 12 13 30000 21600 17182 9000 4154 48 56 11 3 31 73 80
3 4 5 6 40000 25600 16000 62 65 19 3 63 75 77
6 9 10 11 12 13 14 10000 8100 5727 3750 2077 643 57 65 11 3 7 70 82
6 3 4 5 6 7 8 20000 13500 8400 5000 1714 750 62 64 25 3 33 71 77
1 3 30000 25 27 33 2 48 62
6 9 10 11 12 13 14 40000 32400 19636 15000 5538 2571 66 74 19 3 54 73 83
5 8 9 10 11 12 10000 8000 5600 3636 1333 41 48 28 3 42 67 81
2 6 7 20000 13714 55 60 0 3 27 55 72
1 7 30000 57 63 37 3 71 78 82
1 8 40000 49 56 40 3 32 44 88
5 2 3 4 5 6 10000 6000 3500 2000 1000 45 46 60 3 38 51 78
1 4 20000 29 32 61 3 10 33 66
1 4 30000 53 56 29 3 64 69 79
6 6 7 8 9 10 11 40000 30857 18000 13333 7200 2182 65 70 26 3 41 77 85
4 2 3 4 5 10000 6000 3500 1600 54 55 33 3 34 70 76
5 8 9 10 11 12 20000 16000 11200 7273 2667 61 68 0 3 67 86 89
6 7 8 9 10 11 12 30000 23625 14000 8400 5727 1750 57 63 30 3 60 68 94
2 8 9 40000 32000 69 76 0 3 66 79 97
3 7 8 9 10000 7000 5444 32 38 50 3 49 65 71
3 10 11 12 20000 14545 10000 40 49 36 3 28 48 53
1 4 30000 71 74 26 3 52 91 95
3 5 6 7 40000 30000 20000 64 68 38 3 52 91 98
2 5 6 10000 6667 56 60 33 3 76 96 100
6 8 9 10 11 12 13 20000 14222 11200 7273 2667 1231 57 64 29 3 82 94 101
6 4 5 6 7 8 9 30000 21600 14000 8571 4500 1333 77 80 0 3 84 88 99
6 3 4 5 6 7 8 40000 27000 14400 10000 5143 1500 57 59 45 3 61 80 94
3 5 6 7 10000 7500 4286 81 85 0 3 45 59 106
1 1 20000 65 65 29 3 43 104 105
1 8 30000 86 93 0 3 32 97 108
2 5 6 40000 30000 65 69 25 3 5 74 85
3 1 2 3 10000 4500 2000 86 86 15 3 90 102 108
2 5 6 20000 13333 75 79 19 3 75 87 98
6 1 2 3 4 5 6 30000 13500 7000 3000 1800 500 94 94 0 3 93 99 110
3 1 2 3 40000 18000 9333 80 80 19 3 23 105 113
3 5 6 7 10000 7500 5000 95 99 0 3 109 111 114
4 2 3 4 5 20000 12000 6000 3200 66 67 39 3 83 107 109
5 5 6 7 8 9 30000 22500 15000 7500 3333 94 98 8 3 15 110 112
4 7 8 9 10 40000 28000 21778 11200 100 106 0 3 87 115 116