2000
20000
0.5
0.02
0.1
250000
0.005
120
0
1 3 10000 1 3 0 0
6 1 2 3 4 5 6 20000 9000 4667 2500 800 333 1 1 4 0
4 10 11 12 13 30000 21818 15000 9231 1 10 0 0
6 10 11 12 13 14 15 40000 29091 23333 15385 8571 2667 1 10 0 0
3 4 5 6 10000 7200 4000 2 5 26 1 1
4 10 11 12 13 20000 16364 11667 6154 2 11 4 1 1
2 2 3 30000 18000 4 5 0 1 0
6 3 4 5 6 7 8 40000 27000 14400 10000 3429 1500 4 6 14 1 0
3 1 2 3 10000 4000 2000 11 11 0 1 3
2 1 2 20000 9000 11 11 11 1 2
3 3 4 5 30000 18000 10800 11 13 19 1 3
3 5 6 7 40000 30000 17143 2 6 20 1 1
2 1 2 10000 4500 11 11 12 1 3
3 1 2 3 20000 8000 4667 7 7 17 1 7
1 8 30000 12 19 0 1 8
5 10 11 12 13 14 40000 32727 20000 12308 5714 12 21 12 1 12
5 7 8 9 10 11 10000 7000 4667 2800 1909 6 12 0 1 6
5 10 11 12 13 14 20000 14545 11667 7692 4286 4 13 0 1 0
4 9 10 11 12 30000 21600 14727 11250 11 19 0 1 2
2 8 9 40000 28444 7 14 14 1 7
6 1 2 3 4 5 6 10000 4000 2000 1250 600 167 7 7 25 1 11
3 5 6 7 20000 13333 8571 6 10 26 1 4
1 10 30000 14 23 0 1 17
6 9 10 11 12 13 14 40000 32400 19636 15000 5538 2571 12 20 4 1 5
1 10 10000 15 24 14 1 19
3 8 9 10 20000 16000 9600 21 28 9 1 23
1 3 30000 15 17 25 1 19
6 2 3 4 5 6 7 40000 24000 12000 8000 4000 1143 20 21 0 2 14 18
1 10 10000 7 16 15 1 7
2 2 3 20000 12000 8 9 25 1 20
2 8 9 30000 21333 13 20 0 1 16
2 3 4 40000 24000 8 10 32 1 20
3 1 2 3 10000 4000 2000 22 22 12 2 9 15
3 2 3 4 20000 12000 6000 6 7 38 1 4
6 10 11 12 13 14 15 30000 21818 15000 9231 6429 2000 22 31 0 2 14 27
1 9 40000 13 21 4 1 16
2 10 11 10000 7273 21 30 7 1 23
3 3 4 5 20000 13500 7200 8 10 27 1 20
4 9 10 11 12 30000 24300 14727 9000 22 30 4 2 12 35
4 10 11 12 13 40000 29091 20000 15385 22 31 14 1 27
1 3 10000 24 26 0 1 22
4 3 4 5 6 20000 12000 8400 4000 22 24 15 1 15
4 7 8 9 10 30000 23625 16333 8400 13 19 24 1 16
1 4 40000 21 24 0 2 5 30
3 3 4 5 10000 6750 4200 32 34 0 2 28 34
2 2 3 20000 12000 27 28 0 2 11 40
4 3 4 5 6 30000 20250 10800 7500 32 34 8 2 32 34
6 2 3 4 5 6 7 40000 24000 14000 8000 2667 1143 31 32 28 3 11 33 36
3 5 6 7 10000 7500 4286 11 15 35 1 31
1 1 20000 20 20 11 1 18
4 10 11 12 13 30000 24545 17500 9231 8 17 17 1 13
2 6 7 40000 30857 21 26 11 3 5 30 49
4 10 11 12 13 10000 7273 5000 3846 25 34 0 2 23 43
6 6 7 8 9 10 11 20000 15429 9000 6667 2400 1091 14 19 9 2 9 17
4 4 5 6 7 30000 19200 14000 6857 35 38 7 3 12 43 44
6 10 11 12 13 14 15 40000 32727 20000 12308 8571 2667 29 38 0 2 45 53
1 2 10000 24 25 13 2 21 22
6 8 9 10 11 12 13 20000 16000 9600 7273 4000 1231 14 21 19 1 10
5 4 5 6 7 8 30000 21600 12000 6857 3000 17 20 22 2 8 28
6 6 7 8 9 10 11 40000 27429 21000 10667 7200 2182 35 40 0 3 18 29 52
2 8 9 10000 7111 29 36 0 2 6 45
1 3 20000 31 33 7 3 27 36 51
2 10 11 30000 21818 25 34 14 2 24 37
4 8 9 10 11 40000 32000 19200 11636 41 48 11 3 42 57 59
6 4 5 6 7 8 9 10000 6400 4667 2857 1000 444 26 29 13 2 29 56
5 9 10 11 12 13 20000 14400 11455 7500 2769 29 37 18 1 45
1 3 30000 35 37 0 3 38 44 50
2 3 4 40000 27000 37 39 6 3 26 31 60
3 10 11 12 10000 8182 5000 25 34 16 2 21 24
4 9 10 11 12 20000 16200 11455 6000 37 45 0 2 29 60
3 5 6 7 30000 22500 15000 34 38 7 3 2 53 61
4 3 4 5 6 40000 24000 14400 8000 23 25 12 1 32
5 4 5 6 7 8 10000 6400 4667 2286 1500 39 42 7 3 49 52 54
4 9 10 11 12 20000 14400 11455 7500 22 30 38 3 14 15 35
6 3 4 5 6 7 8 30000 18000 10800 7500 2571 1125 46 48 0 3 17 33 69
2 1 2 40000 18000 35 35 16 3 25 41 52
1 2 10000 31 32 7 3 25 38 71
6 1 2 3 4 5 6 20000 9000 4000 2500 1200 333 35 35 8 3 46 58 64
3 3 4 5 30000 18000 10800 39 41 22 3 13 43 70
4 5 6 7 8 40000 26667 17143 12500 41 45 10 3 48 59 68
4 5 6 7 8 10000 7500 4286 3125 36 40 8 3 42 71 77
2 1 2 20000 8000 43 43 7 3 13 34 72
5 4 5 6 7 8 30000 21600 14000 6857 4500 33 36 7 3 28 41 76
4 5 6 7 8 40000 30000 17143 10000 39 43 7 3 39 61 70
4 7 8 9 10 10000 7000 4667 3500 39 45 0 3 4 19 55
5 4 5 6 7 8 20000 14400 9333 5714 2000 49 52 11 3 63 72 76
6 8 9 10 11 12 13 30000 24000 16800 8727 6000 1846 37 44 7 3 40 51 82
3 2 3 4 40000 24000 14000 41 42 16 3 46 51 80
4 3 4 5 6 10000 6750 3600 2000 49 51 4 3 66 74 83
3 6 7 8 20000 13714 10500 41 46 8 3 41 62 80
1 9 30000 49 57 0 3 62 67 74
5 10 11 12 13 14 40000 32727 20000 12308 5714 41 50 0 3 57 59 60
2 3 4 10000 6000 46 48 6 3 75 84 86
5 10 11 12 13 14 20000 16364 10000 7692 4286 51 60 0 3 81 83 91
4 2 3 4 5 30000 16000 10500 6000 40 41 22 3 54 58 67
4 5 6 7 8 40000 26667 20000 12500 46 50 0 3 54 67 84
3 4 5 6 10000 6400 4000 45 48 17 3 24 55 86
1 5 20000 61 65 0 3 72 74 93
1 5 30000 47 51 14 3 26 84 89
3 10 11 12 40000 32727 23333 52 61 4 3 65 79 88
4 9 10 11 12 10000 8100 4909 3000 49 57 6 3 31 89 92
2 8 9 20000 16000 58 65 0 3 40 66 90
4 9 10 11 12 30000 21600 17182 9000 43 51 16 3 46 64 87
2 1 2 40000 18000 58 58 7 3 56 61 100
2 10 11 10000 7273 58 67 6 3 64 80 100
5 2 3 4 5 6 20000 12000 6000 4000 2000 36 37 9 3 22 76 77
5 3 4 5 6 7 30000 20250 10800 6000 3857 61 63 0 3 47 68 93
3 10 11 12 40000 32727 23333 53 62 11 3 78 85 94
4 9 10 11 12 10000 7200 4909 3000 38 46 0 3 37 44 66
4 5 6 7 8 20000 13333 8571 6250 66 70 0 3 96 101 106
3 7 8 9 30000 23625 14000 47 53 0 3 8 105 108
3 10 11 12 40000 29091 23333 64 73 0 3 30 92 106
6 5 6 7 8 9 10 10000 6667 5000 3125 1667 500 62 66 4 3 98 99 103
5 7 8 9 10 11 20000 15750 9333 5600 2545 38 44 31 3 26 73 105
2 2 3 30000 18000 74 75 0 3 104 107 111
1 3 40000 66 68 0 3 71 82 97
2 1 2 10000 4500 52 52 16 3 21 42 102
2 2 3 20000 10667 71 72 0 3 50 109 112
3 4 5 6 30000 21600 12000 76 79 0 3 68 113 114
6 8 9 10 11 12 13 40000 28444 19200 11636 8000 2462 69 76 0 3 38 115 116