2000
20000
0.5
0.02
0.1
250000
0.005
120
0
1 4 10000 1 4 17 0
2 9 10 20000 14400 1 9 0 0
3 8 9 10 30000 24000 16800 1 8 0 0
5 1 2 3 4 5 40000 18000 9333 4000 2400 1 1 14 0
6 6 7 8 9 10 11 10000 7714 5250 2667 1200 545 10 15 0 1 1
1 6 20000 2 7 40 1 3
3 6 7 8 30000 20571 13500 9 14 0 1 2
5 1 2 3 4 5 40000 18000 9333 5000 2400 16 16 7 1 4
5 6 7 8 9 10 10000 7714 5250 2667 1200 10 15 40 1 1
6 7 8 9 10 11 12 20000 14000 10889 5600 3818 1167 16 22 17 1 4
6 1 2 3 4 5 6 30000 13500 6000 3000 1800 500 17 17 10 2 6 7
5 8 9 10 11 12 40000 32000 19200 11636 5333 2 9 14 1 3
1 8 10000 18 25 10 1 10
4 6 7 8 9 20000 13714 9000 6667 16 21 0 1 4
6 3 4 5 6 7 8 30000 18000 10800 6000 2571 1125 2 4 18 1 3
2 1 2 40000 16000 15 15 0 1 6
3 6 7 8 10000 6857 5250 22 27 13 1 13
5 3 4 5 6 7 20000 13500 7200 5000 1714 5 7 17 1 0
3 5 6 7 30000 20000 15000 15 19 0 1 6
2 4 5 40000 25600 28 31 16 1 16
1 4 10000 10 13 29 1 1
3 10 11 12 20000 16364 10000 5 14 18 1 14
1 8 30000 22 29 0 1 13
6 6 7 8 9 10 11 40000 30857 18000 10667 7200 2182 28 33 13 1 16
3 6 7 8 10000 7714 4500 16 21 0 1 15
1 10 20000 16 25 40 2 8 21
2 2 3 30000 16000 10 11 14 1 11
4 7 8 9 10 40000 31500 21778 14000 22 28 20 1 24
5 10 11 12 13 14 10000 7273 5833 3077 2143 22 31 0 1 24
2 7 8 20000 14000 20 26 0 1 18
1 10 30000 22 31 13 1 24
5 5 6 7 8 9 40000 26667 17143 10000 4444 22 26 35 1 13
3 2 3 4 10000 5333 3000 8 9 40 1 5
3 3 4 5 20000 13500 7200 30 32 11 1 22
1 5 30000 20 24 19 1 18
2 5 6 40000 26667 32 36 0 1 28
6 4 5 6 7 8 9 10000 7200 4667 2286 1000 444 12 15 14 1 26
3 3 4 5 20000 12000 8400 27 29 0 1 29
2 5 6 30000 20000 20 24 0 1 18
5 1 2 3 4 5 40000 18000 9333 4000 2400 10 10 18 1 11
3 8 9 10 10000 8000 4800 37 44 14 1 35
1 10 20000 37 46 0 1 35
2 1 2 30000 13500 14 14 29 2 20 39
4 1 2 3 4 40000 16000 9333 5000 37 37 12 1 35
3 10 11 12 10000 7273 5833 10 19 14 1 11
2 4 5 20000 12800 28 31 24 1 16
1 5 30000 32 36 13 1 30
1 3 40000 45 47 14 1 40
3 8 9 10 10000 8000 5600 47 54 0 2 15 41
2 10 11 20000 16364 25 34 0 1 38
3 10 11 12 30000 21818 17500 30 39 0 1 22
2 9 10 40000 28800 15 23 35 1 21
6 2 3 4 5 6 7 10000 5333 3000 2000 1000 286 8 9 27 1 17
4 9 10 11 12 20000 14400 11455 6000 27 35 0 1 29
2 9 10 30000 21600 26 34 24 1 12
4 9 10 11 12 40000 28800 19636 15000 8 16 21 1 17
1 6 10000 15 20 18 1 21
1 3 20000 9 11 37 1 2
1 7 30000 25 31 16 1 38
4 8 9 10 11 40000 32000 22400 11636 16 23 34 1 36
4 1 2 3 4 10000 4000 2333 1250 34 34 13 1 23
4 4 5 6 7 20000 14400 9333 5714 8 11 17 1 17
6 2 3 4 5 6 7 30000 18000 9000 6000 2000 857 12 13 41 1 26
6 6 7 8 9 10 11 40000 30857 21000 13333 7200 2182 17 22 7 1 7
1 2 10000 32 33 24 1 45
2 6 7 20000 15429 35 40 24 1 54
6 10 11 12 13 14 15 30000 21818 17500 11538 6429 2000 12 21 17 2 39 61
4 4 5 6 7 40000 25600 18667 9143 36 39 0 1 53
4 8 9 10 11 10000 8000 4800 3636 25 32 19 2 34 42
5 2 3 4 5 6 20000 12000 6000 3200 1333 36 37 12 2 53 60
5 1 2 3 4 5 30000 12000 6000 3750 1200 20 20 14 1 44
1 5 40000 5 9 29 1 0
1 1 10000 8 8 50 1 5
6 4 5 6 7 8 9 20000 12800 8000 4571 3000 889 26 29 10 1 12
2 6 7 30000 20571 33 38 11 2 33 39
3 3 4 5 40000 27000 16800 35 37 0 2 49 70
4 7 8 9 10 10000 7875 4667 2800 40 46 0 3 9 67 73
5 10 11 12 13 14 20000 14545 11667 6154 2857 40 49 0 1 50
5 7 8 9 10 11 30000 21000 14000 10500 5727 32 38 16 1 58
2 6 7 40000 27429 5 10 52 1 0
4 3 4 5 6 10000 6750 3600 2500 47 49 0 1 76
6 8 9 10 11 12 13 20000 16000 9600 5818 2667 1231 10 17 27 1 52
1 1 30000 24 24 34 1 59
2 2 3 40000 21333 10 11 40 1 71
3 6 7 8 10000 6857 4500 30 35 23 1 22
4 4 5 6 7 20000 12800 8000 5714 11 14 52 1 79
6 4 5 6 7 8 9 30000 21600 12000 8571 3000 1333 18 21 27 1 81
6 8 9 10 11 12 13 40000 32000 22400 11636 5333 2462 32 39 16 2 19 71
5 1 2 3 4 5 10000 4000 2333 1250 600 38 38 0 2 55 75
2 4 5 20000 12800 40 43 9 2 50 86
2 2 3 30000 18000 50 51 0 2 69 80
2 8 9 40000 32000 39 46 0 3 56 66 88
2 1 2 10000 4000 10 10 29 1 71
3 8 9 10 20000 14222 9600 50 57 0 2 43 77
6 9 10 11 12 13 14 30000 24300 14727 9000 6231 1929 52 60 0 3 68 83 90
3 4 5 6 40000 25600 16000 25 28 34 2 82 83
5 3 4 5 6 7 10000 6000 4200 2000 857 27 29 28 2 29 62
3 10 11 12 20000 14545 10000 30 39 0 3 36 37 63
6 7 8 9 10 11 12 30000 21000 16333 10500 5727 1750 55 61 0 2 43 48
5 1 2 3 4 5 40000 18000 9333 4000 1600 61 61 0 3 15 67 94
6 1 2 3 4 5 6 10000 4500 2000 1000 600 167 62 62 0 3 31 86 98
1 4 20000 55 58 0 2 48 78
1 1 30000 41 41 24 2 38 65
1 7 40000 29 35 20 3 20 27 57
1 2 10000 44 45 9 1 89
4 8 9 10 11 20000 14222 9600 5818 47 54 0 2 55 91
1 4 30000 63 66 0 2 95 100
2 2 3 40000 24000 12 13 52 1 26
1 9 10000 40 48 0 2 92 97
6 9 10 11 12 13 14 20000 14400 11455 7500 2769 1286 59 67 0 3 51 72 101
6 5 6 7 8 9 10 30000 20000 12857 9375 5000 1500 39 43 11 3 32 46 74
1 1 40000 42 42 24 3 25 102 107
2 7 8 10000 7875 55 61 0 3 104 105 110
4 3 4 5 6 20000 13500 7200 5000 52 54 7 3 84 90 108
1 3 30000 58 60 0 3 64 93 96
6 5 6 7 8 9 10 40000 26667 20000 10000 4444 2000 62 66 0 3 47 99 113
5 5 6 7 8 9 10000 6667 4286 2500 1111 40 44 16 3 83 87 103
3 7 8 9 20000 14000 9333 49 55 0 3 44 88 108
3 6 7 8 30000 23143 13500 61 66 0 3 104 114 116
3 5 6 7 40000 26667 17143 67 71 0 3 85 111 115