2000
20000
0.5
0.02
0.1
250000
0.005
120
0
1 1 10000 1 1 13 0
3 10 11 12 20000 16364 11667 1 10 11 0
3 5 6 7 30000 22500 12857 1 5 0 0
2 9 10 40000 28800 1 9 3 0
4 4 5 6 7 10000 7200 4000 2286 2 5 13 1 0
4 2 3 4 5 20000 12000 7000 4000 2 3 14 1 0
5 8 9 10 11 12 30000 24000 16800 10909 6000 6 13 13 1 4
6 3 4 5 6 7 8 40000 27000 14400 10000 5143 1500 2 4 19 1 0
3 2 3 4 10000 6000 3000 10 11 19 1 3
3 1 2 3 20000 9000 4667 10 10 18 1 3
2 5 6 30000 22500 6 10 0 1 2
1 1 40000 14 14 13 1 6
2 3 4 10000 6750 10 12 3 1 3
6 3 4 5 6 7 8 20000 12000 7200 4000 2571 750 11 13 28 1 10
2 8 9 30000 21333 11 18 3 1 10
6 9 10 11 12 13 14 40000 28800 22909 15000 5538 2571 11 19 0 1 10
3 2 3 4 10000 5333 3000 11 12 31 1 9
4 7 8 9 10 20000 14000 10889 5600 11 17 20 1 1
4 8 9 10 11 30000 24000 14400 10909 20 27 25 1 15
1 6 40000 6 11 34 1 2
6 5 6 7 8 9 10 10000 7500 4286 3125 1667 500 4 8 46 1 5
4 1 2 3 4 20000 8000 4667 2500 11 11 11 1 1
3 4 5 6 30000 19200 12000 19 22 3 2 1 14
6 3 4 5 6 7 8 40000 27000 16800 10000 3429 1500 20 22 0 1 15
6 6 7 8 9 10 11 10000 6857 4500 3333 1800 545 6 11 13 1 2
6 2 3 4 5 6 7 20000 12000 7000 4000 2000 571 5 6 47 1 7
2 6 7 30000 23143 6 11 40 1 4
6 2 3 4 5 6 7 40000 24000 12000 8000 4000 1143 23 24 3 2 21 22
6 7 8 9 10 11 12 10000 7875 4667 3500 1909 583 12 18 25 1 8
5 10 11 12 13 14 20000 14545 11667 7692 4286 4 13 14 1 5
5 2 3 4 5 6 30000 16000 9000 6000 3000 25 26 22 1 27
6 10 11 12 13 14 15 40000 32727 23333 15385 8571 2667 25 34 3 1 27
2 10 11 10000 8182 14 23 14 1 29
6 7 8 9 10 11 12 20000 15750 9333 5600 2545 1167 20 26 30 1 15
5 7 8 9 10 11 30000 21000 14000 8400 3818 13 19 3 1 12
5 10 11 12 13 14 40000 29091 23333 15385 5714 14 23 28 1 13
2 8 9 10000 8000 13 20 31 1 16
4 5 6 7 8 20000 13333 8571 6250 5 9 46 1 7
3 5 6 7 30000 20000 15000 14 18 38 1 29
4 5 6 7 8 40000 30000 17143 12500 25 29 14 1 27
6 5 6 7 8 9 10 10000 6667 5000 3125 1667 500 20 24 3 1 34
1 9 20000 12 20 11 1 21
1 7 30000 24 30 28 2 23 35
6 5 6 7 8 9 10 40000 30000 20000 12500 6667 2000 15 19 13 1 11
4 2 3 4 5 10000 6000 3000 1600 15 16 24 1 11
6 3 4 5 6 7 8 20000 12000 8400 4000 1714 750 4 6 21 1 5
6 5 6 7 8 9 10 30000 22500 15000 7500 3333 1500 15 19 27 1 11
6 7 8 9 10 11 12 40000 31500 21778 14000 5091 2333 23 29 0 1 23
5 3 4 5 6 7 10000 6750 3600 2000 1286 17 19 24 1 44
6 9 10 11 12 13 14 20000 16200 9818 6000 4154 1286 11 19 18 1 9
6 6 7 8 9 10 11 30000 23143 13500 10000 5400 1636 21 26 11 1 41
4 7 8 9 10 40000 28000 18667 11200 13 19 24 1 12
4 7 8 9 10 10000 7000 4667 3500 25 31 3 1 40
3 7 8 9 20000 15750 10889 35 41 3 2 17 31
3 10 11 12 30000 24545 15000 5 14 19 1 7
6 6 7 8 9 10 11 40000 27429 21000 13333 7200 2182 6 11 32 1 4
1 6 10000 30 35 14 2 39 48
5 6 7 8 9 10 20000 13714 9000 6667 3600 20 25 23 1 34
1 1 30000 20 20 13 1 43
3 5 6 7 40000 30000 20000 36 40 14 2 45 56
3 2 3 4 10000 5333 3000 42 43 3 1 53
2 10 11 20000 14545 20 29 24 1 51
5 10 11 12 13 14 30000 21818 15000 9231 4286 23 32 11 2 23 54
1 5 40000 12 16 34 2 19 45
6 7 8 9 10 11 12 10000 7875 4667 3500 1909 583 7 13 21 1 45
3 7 8 9 20000 14000 9333 12 18 19 1 8
6 5 6 7 8 9 10 30000 20000 12857 7500 5000 1500 41 45 16 3 33 38 59
3 5 6 7 40000 26667 20000 26 30 23 1 57
2 5 6 10000 7500 20 24 39 2 43 65
5 9 10 11 12 13 20000 16200 9818 7500 2769 27 35 11 3 32 50 65
1 3 30000 30 32 0 1 47
4 3 4 5 6 40000 24000 14400 8000 32 34 3 2 52 64
4 5 6 7 8 10000 6667 5000 2500 36 40 11 1 69
4 8 9 10 11 20000 14222 9600 5818 12 19 13 1 24
4 9 10 11 12 30000 24300 17182 9000 35 43 3 2 49 71
5 7 8 9 10 11 40000 31500 18667 14000 7636 9 15 46 1 20
3 9 10 11 10000 8100 5727 33 41 11 2 28 62
3 3 4 5 20000 12000 8400 17 19 34 1 63
1 4 30000 11 14 44 1 9
2 3 4 40000 27000 33 35 0 2 70 73
4 9 10 11 12 10000 7200 5727 3000 12 20 37 1 55
6 9 10 11 12 13 14 20000 14400 9818 6000 4154 1286 31 39 23 2 67 77
5 10 11 12 13 14 30000 21818 17500 11538 6429 12 21 32 1 55
4 5 6 7 8 40000 30000 20000 10000 35 39 4 1 31
6 2 3 4 5 6 7 10000 6000 3500 1600 1000 286 21 22 13 1 58
3 6 7 8 20000 15429 9000 17 22 31 1 44
5 1 2 3 4 5 30000 12000 7000 3000 1200 27 27 27 2 30 82
1 2 40000 30 31 24 1 61
5 8 9 10 11 12 10000 7111 5600 2909 2000 36 43 0 2 79 84
3 4 5 6 20000 14400 8000 41 44 11 2 26 72
1 6 30000 44 49 3 3 46 60 74
3 1 2 3 40000 18000 8000 23 23 31 2 25 85
1 5 10000 44 48 0 2 34 88
5 5 6 7 8 9 20000 13333 10000 6250 2222 41 45 14 1 59
1 10 30000 49 58 0 2 30 92
6 9 10 11 12 13 14 40000 32400 22909 12000 8308 2571 13 21 38 1 16
5 2 3 4 5 6 10000 6000 3500 1600 1000 21 22 47 1 36
4 4 5 6 7 20000 12800 8000 4571 28 31 27 2 86 91
6 7 8 9 10 11 12 30000 21000 14000 8400 5727 1750 21 27 31 1 36
1 9 40000 44 52 0 3 41 83 88
6 3 4 5 6 7 8 10000 6750 3600 2000 1286 375 45 47 11 2 37 89
6 8 9 10 11 12 13 20000 14222 11200 5818 2667 1231 12 19 42 1 24
1 7 30000 50 56 3 1 90
6 2 3 4 5 6 7 40000 24000 14000 6400 4000 1143 33 34 31 3 62 68 85
4 8 9 10 11 10000 8000 5600 2909 57 64 3 3 93 95 102
6 10 11 12 13 14 15 20000 14545 10000 7692 4286 1333 53 62 0 3 18 76 99
4 7 8 9 10 30000 23625 14000 10500 31 37 28 3 42 78 98
4 7 8 9 10 40000 28000 18667 11200 32 38 24 1 87
4 4 5 6 7 10000 6400 4667 2286 21 24 37 1 80
3 6 7 8 20000 13714 10500 20 25 42 3 64 75 101
6 3 4 5 6 7 8 30000 18000 12600 6000 3857 1125 59 61 0 3 94 97 100
2 1 2 40000 18000 50 50 16 2 40 90
3 5 6 7 10000 6667 4286 62 66 0 2 55 110
5 3 4 5 6 7 20000 13500 8400 5000 1714 30 32 37 3 29 61 77
5 6 7 8 9 10 30000 20571 15750 10000 3600 38 43 28 3 103 106 108
4 10 11 12 13 40000 32727 23333 15385 46 55 16 3 6 66 108
4 7 8 9 10 10000 7000 5444 2800 63 69 0 3 81 105 107
2 4 5 20000 14400 65 68 3 3 48 104 109
3 5 6 7 30000 22500 15000 67 71 0 3 64 111 112
6 2 3 4 5 6 7 40000 21333 12000 8000 2667 1143 70 71 0 3 96 113 116