2000
20000
0.5
0.02
0.1
250000
0.005
120
0
1 6 10000 1 6 21 0
6 6 7 8 9 10 11 20000 15429 9000 5333 3600 1091 1 6 0 0
2 2 3 30000 18000 1 2 20 0
3 8 9 10 40000 32000 19200 1 8 3 0
3 10 11 12 10000 8182 5833 3 12 20 1 2
4 4 5 6 7 20000 12800 9333 4571 7 10 0 1 1
2 9 10 30000 24300 7 15 0 1 1
5 8 9 10 11 12 40000 32000 19200 14545 5333 7 14 0 1 1
1 10 10000 3 12 33 1 2
1 1 20000 3 3 26 1 2
5 9 10 11 12 13 30000 21600 14727 11250 6231 9 17 3 1 3
5 5 6 7 8 9 40000 26667 20000 12500 4444 16 20 0 1 6
3 8 9 10 10000 8000 4800 4 11 26 1 9
2 2 3 20000 10667 21 22 2 1 11
4 9 10 11 12 30000 21600 14727 11250 18 26 3 1 10
2 8 9 40000 32000 13 20 37 1 4
1 3 10000 27 29 4 1 14
4 10 11 12 13 20000 16364 11667 7692 12 21 26 1 12
4 2 3 4 5 30000 16000 10500 4800 27 28 22 1 14
2 6 7 40000 30857 23 28 2 1 13
2 9 10 10000 7200 11 19 0 1 5
4 4 5 6 7 20000 14400 9333 4571 21 24 0 1 11
1 9 30000 9 17 7 1 3
2 8 9 40000 28444 27 34 3 2 10 14
2 3 4 10000 6000 25 27 0 2 11 21
6 1 2 3 4 5 6 20000 8000 4667 2000 1200 333 7 7 24 1 0
5 4 5 6 7 8 30000 19200 14000 8571 4500 4 7 26 1 9
2 2 3 40000 21333 18 19 41 1 22
3 6 7 8 10000 6857 4500 8 13 26 1 26
4 10 11 12 13 20000 14545 11667 6154 25 34 0 1 21
2 6 7 30000 20571 29 34 2 1 19
2 8 9 40000 28444 28 35 0 1 24
2 4 5 10000 6400 14 17 31 1 28
6 10 11 12 13 14 15 20000 14545 11667 7692 2857 1333 20 29 0 1 20
2 3 4 30000 20250 28 30 10 1 24
6 1 2 3 4 5 6 40000 16000 9333 4000 1600 667 16 16 32 2 0 6
3 2 3 4 10000 5333 3500 35 36 0 1 29
3 2 3 4 20000 12000 6000 30 31 9 1 33
4 1 2 3 4 30000 12000 6000 3750 18 18 29 1 22
3 7 8 9 40000 31500 21778 16 22 22 1 6
3 6 7 8 10000 6857 5250 7 12 21 1 0
6 3 4 5 6 7 8 20000 13500 7200 5000 2571 750 18 20 7 1 22
2 5 6 30000 22500 18 22 38 1 10
6 6 7 8 9 10 11 40000 27429 18000 13333 4800 2182 20 25 26 1 20
1 9 10000 21 29 7 1 41
2 5 6 20000 15000 30 34 6 1 16
6 10 11 12 13 14 15 30000 24545 15000 11538 4286 2000 9 18 23 1 3
2 4 5 40000 25600 30 33 0 1 33
4 5 6 7 8 10000 6667 5000 3125 30 34 4 1 16
4 9 10 11 12 20000 14400 11455 7500 20 28 11 1 20
3 6 7 8 30000 23143 13500 8 13 24 1 25
6 8 9 10 11 12 13 40000 28444 22400 11636 5333 2462 19 26 23 1 46
3 8 9 10 10000 8000 4800 13 20 20 1 4
1 1 20000 30 30 19 1 33
5 5 6 7 8 9 30000 20000 12857 9375 5000 21 25 20 1 52
1 2 40000 35 36 12 2 29 52
6 5 6 7 8 9 10 10000 7500 4286 2500 1111 500 23 27 24 1 13
3 5 6 7 20000 15000 10000 36 40 5 2 31 37
4 3 4 5 6 30000 18000 12600 7500 22 24 26 1 17
1 2 40000 37 38 1 1 36
5 4 5 6 7 8 10000 6400 4667 2286 1500 12 15 26 1 12
6 7 8 9 10 11 12 20000 15750 9333 7000 3818 1167 34 40 0 2 40 47
4 1 2 3 4 30000 13500 6000 3750 37 37 0 1 36
3 6 7 8 40000 30857 21000 30 35 20 1 16
4 10 11 12 13 10000 8182 5833 3077 38 47 0 2 50 62
5 9 10 11 12 13 20000 14400 9818 7500 2769 36 44 0 1 31
6 5 6 7 8 9 10 30000 22500 12857 9375 3333 1500 14 18 38 1 28
1 1 40000 20 20 41 1 27
2 2 3 10000 5333 45 46 0 3 39 47 65
2 8 9 20000 16000 35 42 3 1 23
4 1 2 3 4 30000 12000 6000 3750 36 36 0 1 31
3 3 4 5 40000 27000 14400 31 33 10 1 34
4 7 8 9 10 10000 7875 5444 3500 37 43 0 2 24 70
4 4 5 6 7 20000 12800 8000 4571 48 51 0 2 50 64
4 1 2 3 4 30000 13500 6000 3750 13 13 39 1 8
5 4 5 6 7 8 40000 28800 18667 9143 6000 16 19 26 1 60
2 3 4 10000 6750 35 37 2 2 30 44
4 6 7 8 9 20000 13714 10500 5333 47 52 0 1 68
4 9 10 11 12 30000 21600 14727 9000 37 45 0 1 36
4 5 6 7 8 40000 26667 17143 10000 44 48 0 2 71 72
3 6 7 8 10000 7714 4500 14 19 26 1 28
4 4 5 6 7 20000 14400 8000 5714 41 44 0 1 61
3 4 5 6 30000 19200 12000 36 39 20 1 63
4 10 11 12 13 40000 32727 23333 15385 35 44 6 1 45
4 3 4 5 6 10000 6000 4200 2000 43 45 3 3 57 69 80
5 7 8 9 10 11 20000 15750 9333 5600 3818 35 41 8 1 23
2 7 8 30000 23625 35 41 4 1 48
5 7 8 9 10 11 40000 31500 21778 14000 7636 42 48 8 2 51 85
1 5 10000 45 49 0 2 34 81
5 4 5 6 7 8 20000 12800 8000 5714 2000 20 23 26 2 8 75
4 9 10 11 12 30000 24300 17182 9000 18 26 31 1 32
5 8 9 10 11 12 40000 32000 19200 14545 5333 52 59 0 3 43 53 73
2 3 4 10000 6000 46 48 0 3 54 78 86
1 10 20000 21 30 19 1 41
5 10 11 12 13 14 30000 24545 15000 11538 4286 29 38 21 2 19 89
4 2 3 4 5 40000 21333 14000 8000 49 50 0 3 55 79 84
3 9 10 11 10000 7200 5727 50 58 0 3 53 88 93
4 10 11 12 13 20000 16364 11667 6154 28 37 24 1 56
4 9 10 11 12 30000 21600 14727 9000 34 42 19 1 47
4 4 5 6 7 40000 28800 18667 9143 51 54 0 3 29 58 95
3 10 11 12 10000 8182 5000 45 54 6 2 18 83
5 8 9 10 11 12 20000 16000 11200 5818 2667 51 58 0 2 41 95
2 6 7 30000 20571 47 52 9 2 65 68
6 2 3 4 5 6 7 40000 24000 14000 6400 2667 1143 40 41 20 2 82 94
1 7 10000 53 59 9 3 67 89 102
6 6 7 8 9 10 11 20000 15429 9000 6667 2400 1091 55 60 0 1 99
6 9 10 11 12 13 14 30000 21600 17182 11250 6231 1929 39 47 1 3 49 59 76
3 3 4 5 40000 27000 14400 60 62 0 2 49 91
1 10 10000 59 68 0 3 95 96 101
5 10 11 12 13 14 20000 14545 11667 7692 4286 19 28 29 1 38
4 9 10 11 12 30000 21600 17182 11250 13 21 41 1 8
5 4 5 6 7 8 40000 25600 18667 9143 4000 53 56 0 3 74 77 83
4 5 6 7 8 10000 6667 4286 3125 29 33 29 3 15 90 109
4 1 2 3 4 20000 8000 4000 2000 43 43 19 3 97 98 103
6 6 7 8 9 10 11 30000 23143 13500 10000 3600 1636 55 60 8 3 99 110 112
6 3 4 5 6 7 8 40000 27000 14400 10000 5143 1500 49 51 0 3 35 92 106
3 10 11 12 10000 8182 5833 57 66 0 3 66 87 111
2 5 6 20000 15000 69 73 0 3 104 108 114
2 9 10 30000 21600 63 71 0 3 27 107 113
5 8 9 10 11 12 40000 28444 22400 14545 8000 61 68 0 3 42 100 105