2000
20000
0.5
0.02
0.1
250000
0.005
120
0
1 8 10000 1 8 0 0
2 9 10 20000 14400 1 9 37 0
4 6 7 8 9 30000 23143 15750 10000 1 6 17 0
2 2 3 40000 21333 1 2 60 0
2 9 10 10000 8100 7 15 33 1 2
6 9 10 11 12 13 14 20000 16200 9818 6000 4154 1286 9 17 0 1 0
6 1 2 3 4 5 6 30000 12000 6000 3000 1800 500 7 7 17 1 2
4 10 11 12 13 40000 29091 23333 12308 9 18 19 1 0
4 1 2 3 4 10000 4500 2000 1000 16 16 35 1 4
5 7 8 9 10 11 20000 14000 9333 7000 3818 9 15 28 1 0
2 4 5 30000 21600 8 11 17 1 6
4 10 11 12 13 40000 29091 20000 12308 18 27 10 1 5
4 3 4 5 6 10000 6000 4200 2500 19 21 19 1 7
1 6 20000 10 15 37 1 1
3 10 11 12 30000 21818 15000 19 28 48 1 7
1 8 40000 16 23 28 1 9
3 2 3 4 10000 5333 3000 22 23 19 1 12
4 3 4 5 6 20000 12000 8400 4000 8 10 23 1 6
6 5 6 7 8 9 10 30000 20000 12857 9375 3333 1500 17 21 44 1 8
5 10 11 12 13 14 40000 32727 20000 12308 5714 18 27 0 1 5
1 5 10000 24 28 32 1 15
1 4 20000 24 27 29 1 15
2 4 5 30000 21600 22 25 44 1 18
5 10 11 12 13 14 40000 29091 23333 15385 5714 19 28 52 1 7
4 10 11 12 13 10000 7273 5833 3077 28 37 0 1 19
5 3 4 5 6 7 20000 12000 8400 5000 1714 11 13 40 1 17
6 2 3 4 5 6 7 30000 18000 9000 4800 2000 857 28 29 31 1 21
2 5 6 40000 30000 16 20 33 1 4
3 10 11 12 10000 8182 5000 38 47 0 1 24
4 6 7 8 9 20000 15429 10500 5333 16 21 46 1 9
4 9 10 11 12 30000 24300 17182 11250 12 20 17 1 10
5 9 10 11 12 13 40000 28800 22909 12000 5538 17 25 35 1 8
6 2 3 4 5 6 7 10000 5333 3500 1600 1000 286 21 22 17 2 17 30
3 4 5 6 20000 14400 9333 29 32 32 1 20
2 10 11 30000 21818 24 33 28 1 15
5 9 10 11 12 13 40000 28800 19636 12000 8308 10 18 43 1 1
3 10 11 12 10000 8182 5833 11 20 23 1 17
4 5 6 7 8 20000 15000 10000 5000 28 32 29 1 21
4 6 7 8 9 30000 23143 13500 10000 16 21 40 1 4
3 3 4 5 40000 24000 14400 29 31 48 1 14
6 1 2 3 4 5 6 10000 4500 2000 1000 400 167 21 21 51 1 36
3 4 5 6 20000 14400 9333 14 17 67 1 25
1 3 30000 8 10 65 1 6
1 1 40000 28 28 15 1 11
1 2 10000 24 25 19 1 16
2 1 2 20000 9000 26 26 35 1 31
6 3 4 5 6 7 8 30000 20250 12600 7500 3857 1125 10 12 53 1 1
5 9 10 11 12 13 40000 28800 19636 15000 5538 26 34 19 1 44
3 2 3 4 10000 6000 3000 27 28 52 1 45
6 9 10 11 12 13 14 20000 16200 9818 6000 2769 1286 33 41 32 2 11 33
3 8 9 10 30000 21333 16800 23 30 17 1 32
4 6 7 8 9 40000 30857 21000 13333 28 33 10 1 11
3 3 4 5 10000 6000 3600 12 14 67 1 10
1 2 20000 16 17 37 1 13
5 4 5 6 7 8 30000 19200 14000 6857 3000 34 37 28 2 34 38
1 6 40000 34 39 10 1 51
4 7 8 9 10 10000 7000 5444 2800 14 20 40 1 25
5 10 11 12 13 14 20000 16364 10000 6154 4286 31 40 43 1 50
3 5 6 7 30000 22500 12857 18 22 37 1 53
2 4 5 40000 28800 24 27 39 1 16
3 2 3 4 10000 6000 3000 34 35 30 1 34
3 2 3 4 20000 12000 7000 28 29 49 1 19
4 3 4 5 6 30000 18000 10800 6000 21 23 25 1 36
3 6 7 8 40000 30857 21000 18 23 54 1 53
4 9 10 11 12 10000 8100 5727 3000 38 46 28 3 32 46 54
1 7 20000 48 54 0 2 24 28
5 10 11 12 13 14 30000 24545 17500 9231 4286 34 43 28 1 51
1 3 40000 3 5 60 1 3
3 4 5 6 10000 7200 4000 29 32 15 3 9 36 43
4 6 7 8 9 20000 13714 10500 6667 55 60 0 1 65
1 9 30000 28 36 39 1 59
5 3 4 5 6 7 40000 24000 14400 8000 3429 30 32 49 1 61
3 2 3 4 10000 6000 3500 47 48 28 2 16 64
4 7 8 9 10 20000 15750 10889 5600 35 41 19 2 27 47
3 4 5 6 30000 21600 14000 23 26 37 2 25 58
1 9 40000 40 48 10 1 55
5 10 11 12 13 14 10000 8182 5000 3077 1429 22 31 46 1 29
4 4 5 6 7 20000 12800 8000 5714 33 36 15 2 50 68
5 1 2 3 4 5 30000 13500 6000 3750 1800 49 49 28 2 26 72
2 10 11 40000 29091 24 33 25 1 62
6 2 3 4 5 6 7 10000 6000 3000 2000 1000 286 42 43 36 1 73
5 7 8 9 10 11 20000 14000 10889 7000 2545 49 55 10 1 75
6 4 5 6 7 8 9 30000 19200 14000 6857 4500 1333 28 31 49 1 59
1 9 40000 37 45 15 1 77
6 2 3 4 5 6 7 10000 6000 3500 2000 667 286 27 28 37 1 74
3 2 3 4 20000 12000 7000 33 34 29 3 35 37 45
3 7 8 9 30000 21000 14000 28 34 42 1 59
3 6 7 8 40000 27429 21000 46 51 15 2 73 83
3 5 6 7 10000 7500 4286 61 65 0 3 26 56 69
2 8 9 20000 14222 44 51 36 3 39 50 80
1 5 30000 66 70 0 2 84 88
2 9 10 40000 32400 3 11 60 1 3
4 8 9 10 11 10000 7111 5600 3636 35 42 42 2 43 86
2 8 9 20000 14222 34 41 25 1 79
4 3 4 5 6 30000 20250 12600 6000 35 37 29 1 85
2 2 3 40000 21333 42 43 34 3 42 70 73
4 4 5 6 7 10000 6400 4000 2857 37 40 29 1 77
4 7 8 9 10 20000 15750 10889 7000 52 58 15 2 87 94
6 1 2 3 4 5 6 30000 12000 7000 3000 1200 500 66 66 0 1 88
6 8 9 10 11 12 13 40000 32000 22400 11636 8000 2462 56 63 14 3 47 81 96
3 4 5 6 10000 6400 4667 38 41 36 2 91 94
2 8 9 20000 14222 56 63 10 3 60 67 81
5 4 5 6 7 8 30000 21600 12000 6857 3000 64 67 14 3 34 95 99
3 9 10 11 40000 32400 22909 30 38 32 1 26
3 8 9 10 10000 7111 4800 22 29 51 1 40
3 3 4 5 20000 12000 7200 42 44 36 2 63 100
1 4 30000 30 33 51 3 23 48 104
1 6 40000 50 55 28 2 76 78
3 4 5 6 10000 6400 4000 66 69 4 2 22 88
3 2 3 4 20000 12000 6000 44 45 28 2 66 91
5 4 5 6 7 8 30000 19200 12000 8571 3000 67 70 0 3 53 93 98
3 7 8 9 40000 31500 21778 70 76 4 3 49 97 108
3 10 11 12 10000 8182 5833 71 80 0 3 90 103 110
2 6 7 20000 15429 68 73 14 3 52 71 102
3 8 9 10 30000 24000 14400 64 71 10 3 19 101 109
5 7 8 9 10 11 40000 31500 21778 14000 7636 81 87 0 3 82 111 112
2 1 2 10000 4000 45 45 36 3 77 80 105
4 3 4 5 6 20000 13500 8400 4000 43 45 42 3 41 92 106
2 6 7 30000 20571 72 77 10 3 81 114 116
2 4 5 40000 25600 56 59 28 3 57 78 107